Date,Season,Kinwat,Hadgaon,Nanded,Dharmabad,Bhokar,Mukhed,Kandhar,Loha,Himayatnagar,Mudkhed,Biloli,Ardhapur,Deglur,Umri,Naigaon,Mahur,Kinwat_Trend,Kinwat_SMA,Kinwat_EWMA,Kinwat_DES,Kinwat_TES,Kinwat_ARIMA,Hadgaon_Trend,Hadgaon_SMA,Hadgaon_EWMA,Hadgaon_DES,Hadgaon_TES,Hadgaon_ARIMA,Nanded_Trend,Nanded_SMA,Nanded_EWMA,Nanded_DES,Nanded_TES,Nanded_ARIMA,Dharmabad_Trend,Dharmabad_SMA,Dharmabad_EWMA,Dharmabad_DES,Dharmabad_TES,Dharmabad_ARIMA,Bhokar_Trend,Bhokar_SMA,Bhokar_EWMA,Bhokar_DES,Bhokar_TES,Bhokar_ARIMA,Mukhed_Trend,Mukhed_SMA,Mukhed_EWMA,Mukhed_DES,Mukhed_TES,Mukhed_ARIMA,Kandhar_Trend,Kandhar_SMA,Kandhar_EWMA,Kandhar_DES,Kandhar_TES,Kandhar_ARIMA,Loha_Trend,Loha_SMA,Loha_EWMA,Loha_DES,Loha_TES,Loha_ARIMA,Himayatnagar_Trend,Himayatnagar_SMA,Himayatnagar_EWMA,Himayatnagar_DES,Himayatnagar_TES,Himayatnagar_ARIMA,Mudkhed_Trend,Mudkhed_SMA,Mudkhed_EWMA,Mudkhed_DES,Mudkhed_TES,Mudkhed_ARIMA,Biloli_Trend,Biloli_SMA,Biloli_EWMA,Biloli_DES,Biloli_TES,Biloli_ARIMA,Ardhapur_Trend,Ardhapur_SMA,Ardhapur_EWMA,Ardhapur_DES,Ardhapur_TES,Ardhapur_ARIMA,Deglur_Trend,Deglur_SMA,Deglur_EWMA,Deglur_DES,Deglur_TES,Deglur_ARIMA,Umri_Trend,Umri_SMA,Umri_EWMA,Umri_DES,Umri_TES,Umri_ARIMA,Naigaon_Trend,Naigaon_SMA,Naigaon_EWMA,Naigaon_DES,Naigaon_TES,Naigaon_ARIMA,Mahur_Trend,Mahur_SMA,Mahur_EWMA,Mahur_DES,Mahur_TES,Mahur_ARIMA
1996-02-29,POMRB,3.451428571428572,5.04,10.79,5.9499999999999975,3.79,4.1775,12.675714285714285,3.475,4.73,5.68,5.44,6.8933333333333335,7.029999999999999,2.34,4.506666666666667,3.3833333333333333,,,3.451428571428572,5.192222394790153,3.7954075978732775,0.0,,,5.04,6.9091568381152895,5.712157830952992,0.0,,,10.79,10.789795495350415,10.779139462181629,0.0,,,5.9499999999999975,4.6972096383457345,5.6601202132676836,0.0,,,3.79,8.662631039088872,4.869240482421815,0.0,,,4.1775,4.999507457356271,4.832319866603656,0.0,,,12.675714285714285,19.22954093182367,12.685826429916613,0.0,,,3.475,2.580422016733734,3.6801212812594395,0.0,,,4.73,3.080846929527937,6.267732530580125,0.0,,,5.68,14.759871048953594,5.72537866343707,0.0,,,5.44,5.623522656532542,5.120212130467106,0.0,,,6.8933333333333335,4.947718062842208,6.859910161185167,0.0,,,7.029999999999999,7.114594680326456,7.081254872223229,0.0,,,2.34,11.69091883768659,3.0201534293358976,0.0,,,4.506666666666667,4.761996181619754,5.399248669750034,0.0,,,3.3833333333333333,8.207077788558705,3.861300465738312,0.0
1996-05-31,PREMON,4.44,8.196000000000002,12.569666666666668,5.6,8.92,7.66,16.044166666666666,4.5,8.195,13.843333333333335,7.71,10.233333333333333,6.4499999999999975,8.4,8.036666666666667,6.3,,,3.8468571428571434,6.142255655883181,5.130653094641207,3.45142367886904,,,6.3024000000000004,9.893152772306422,7.074186309494968,5.039982900070535,,,11.501866666666668,11.014755160182236,12.6735293091132,9.386476487526808,,,5.809999999999999,4.804147639797887,5.8625733066154995,5.949835936077894,,,5.8420000000000005,7.928804595915115,7.5113568206718355,3.7899846000776627,,,5.5705,5.012332085492323,7.4563861839664884,1.8392429217988893,,,14.023095238095237,23.101351864841686,16.06380622071394,12.674945977942524,,,3.885,2.6062656177212755,5.116702281119712,3.474994007521269,,,6.1160000000000005,3.7950724298901877,8.867298125347833,2.2038843081999775,,,8.945333333333334,26.891526392571148,12.84045554761773,2.886498103297519,,,6.348000000000001,6.204045878103402,8.147762206736934,5.439991570106221,,,8.229333333333333,4.97711854333446,8.356103672999195,6.893306933567934,,,6.797999999999998,6.9034936889280285,8.203597732844806,7.029968210910583,,,4.764,21.816724289262684,7.917073586801734,2.3399912134681355,,,5.918666666666667,4.843519981784118,6.360656880789721,2.7609303730185846,,,4.55,11.551867464137674,5.529550424576237,3.383325769180012
1996-08-31,MONSOON,2.628571428571429,2.9799999999999995,10.151666666666667,1.35,4.75,3.5875000000000004,8.13125,4.1,3.2,4.366666666666666,5.3,3.7166666666666655,6.3874999999999975,3.0,3.7000000000000006,3.266666666666667,3.42375,,3.3595428571428574,5.8830315021948465,2.097751890068192,4.057588716546165,4.823250000000001,,4.97344,8.99820920108002,2.5291189719893348,7.136754983443648,10.712,,10.961786666666669,10.912467078730177,10.003954650821541,10.8596043756503,3.1025,,4.026,4.382510301042923,1.5903735972009958,5.774640730517306,5.50375,,5.405200000000001,6.414179672434635,3.348153305080838,7.20166903754245,4.7878125,,4.7773,5.025189585049312,3.456873737939143,3.4647100280986374,10.697574404761905,,11.66635714285714,24.119360931284998,8.159624956874103,14.551773192125056,3.6624999999999996,,3.971,2.63236804755024,1.9843502452350386,4.169196450492693,5.07125,,4.9496,3.4777422206818533,2.893604405137731,3.9380783061657754,6.481666666666667,,7.113866666666667,25.64900434604013,4.506512957729681,6.8492544055473825,5.535,,5.928800000000001,5.975966702340489,6.029272588327515,7.066599847742716,6.34375,,6.424266666666666,5.006693677704937,4.276742311344338,9.079608548442481,6.760374999999997,,6.633799999999997,6.738087565845331,4.967085017582145,6.71070642698349,4.2925,,4.058400000000001,14.787346066905586,2.6123754004024837,6.004140732426807,5.139583333333333,,5.0312,4.8300026163594465,3.853173815812573,4.854368293876094,3.94625,,4.036666666666667,10.122279479068041,2.0401760719974735,5.1680320294038875
1996-11-30,POMKH,3.05,2.78,9.336666666666668,1.05,3.6166666666666663,3.6875,5.939166666666666,2.0,3.875,2.9666666666666663,4.05,4.616666666666667,6.975999999999999,2.5,3.6333333333333333,2.5,3.683928571428572,3.3925,3.2357257142857145,5.551235641024529,2.7132553720871906,3.2185269841650843,4.773000000000001,4.7490000000000006,4.096064,7.657093150562161,3.876478938656064,4.186480380285044,10.712,10.712000000000002,10.311738666666669,10.72186376941276,9.142934914647489,10.819296129911713,2.7175000000000002,3.4874999999999994,2.8356,3.975859242586741,1.2954154051127977,4.29184260462695,5.8483333333333345,5.269166666666667,4.6897866666666665,5.033901256322045,3.8459753212631673,4.671915807689118,4.83375,4.778125,4.34138,5.038080066896331,3.0786244031437615,2.5053203072349763,10.697574404761903,10.697574404761903,9.37548095238095,23.71349096640956,5.975898490226837,11.680634587130942,4.00625,3.51875,3.1826,2.658731892431439,3.4014939590990068,3.9196832103952266,5.505625,5.0,4.51976,3.359788846156139,3.719570372308458,2.693534497480954,5.86875,6.714166666666666,5.454986666666667,19.954829697671865,4.238018140174802,3.503275841894819,5.31875,5.625,5.1772800000000005,5.470414530340226,4.24022063187812,5.478841102277181,6.226666666666667,6.364999999999999,5.701226666666666,5.036444560783434,4.6782335569267985,5.572876257356618,7.152374999999998,6.710874999999998,6.770679999999999,6.80351904568501,5.3107014251803,6.569572017341977,4.5249999999999995,4.0600000000000005,3.4350400000000003,6.99405155424651,1.8893407219177383,3.601665831678946,5.211666666666667,4.969166666666666,4.472053333333333,4.815308624011832,4.396407510829541,3.1545106224327624,3.7675000000000005,3.8625000000000003,3.422,7.1816713462803135,2.3340984850003106,3.7860799190877765
1997-02-28,POMRB,3.701428571428572,5.6339999999999995,10.79,2.87,5.666666666666668,4.255,12.675714285714285,4.625,5.3,3.82,4.72,6.723333333333333,7.4259999999999975,4.2,5.87,4.053333333333334,4.035892857142857,3.455,3.4220068571428577,5.343847473304792,3.859353422501343,3.3865628766965528,5.067666666666666,4.897500000000001,4.7112384,7.765593449611507,5.746803303682915,4.45219302043728,10.712000000000002,10.712000000000002,10.5030432,10.734789300262397,11.02082432423515,10.195399990181887,2.7175000000000002,2.7175,2.84936,3.839534147460368,6.024404212991285,5.173847106965477,6.28,5.738333333333334,5.080538666666667,4.54751324744312,5.6718471071766725,3.877101291743337,5.271979166666667,4.797499999999999,4.306827999999999,5.051003618613074,4.9453857148090465,3.8658748475008373,10.697574404761903,10.697574404761903,10.695574285714285,24.480718332211612,12.717638413665112,10.894203858827094,3.98125,3.80625,3.75956,2.6853597872523185,3.7374458363921628,2.982006085099441,6.125,5.1425,4.831856,3.5776965455795553,6.3397718710616005,4.514672945925971,6.1925,6.2491666666666665,4.800992,14.232412565920585,5.600868720781504,4.92844455597351,5.343125,5.444999999999999,4.994368,5.28196501375913,4.8721920483748375,4.83533091440422,6.52875,6.322499999999999,6.110069333333333,5.066372246180012,7.192175394715335,6.192935607246358,7.8426874999999985,6.809874999999996,7.0328079999999975,6.986537515330116,7.730944987969896,6.796422348453475,4.6312500000000005,4.525,3.7410240000000003,4.375506890936547,2.908358101967547,2.581325782256075,5.560416666666666,5.31,5.031232,4.849106092696453,5.342536726473599,4.023769147443842,3.8797916666666667,4.03,3.6745333333333337,5.671833540064405,3.9603028862593646,3.3354077854115465
1997-05-31,PREMON,6.2714285714285705,7.2,12.569666666666668,5.6,9.8,7.95,16.044166666666666,6.1,11.1,10.8,6.7,9.466666666666667,9.19,8.4,7.25,4.2,4.15,3.912857142857143,4.561775542857143,6.16929821622334,5.194624013296961,4.239493460071991,5.734958333333333,4.6485,5.70674304,8.459912640553723,7.346836923868278,7.547110514660432,10.712,10.712000000000002,11.329692586666667,10.966538700724483,12.78977087240521,11.792547002741212,2.7175,2.7175,3.949616,4.050982262434589,5.483585429283673,4.790917176943777,6.616250000000001,5.958333333333334,6.9683232,5.338753830967544,8.848813534353155,8.675205467046267,5.8046875,4.869999999999999,5.7640968,5.0639603449286685,7.5594591821460995,6.868134596414541,10.697574404761903,10.697574404761902,12.835011238095237,25.588673215147693,16.091085781536762,12.961156040536649,3.8749999999999996,4.20625,4.695736,2.712254372463939,5.552030876122139,4.613551990808295,6.248125,5.86875,7.339113600000001,5.084967220324635,8.939337465829357,7.938774306877865,6.917083333333333,5.488333333333333,7.2005952,14.149458086060417,12.118684253538518,11.288800843650039,5.61875,5.192499999999999,5.6766208,5.680469897113808,7.532907773705876,6.258392433342397,6.9158333333333335,6.130833333333332,7.452708266666667,5.096477789384909,8.612261514080334,8.755412470407753,8.41575,7.494874999999997,7.895684799999999,7.653056199457506,8.756902930743106,6.899493945538452,4.456250000000001,4.525,5.604614400000001,7.911299567907622,8.524925350265974,7.853625277864401,6.042916666666667,5.113333333333333,5.918739200000001,4.911996912945138,6.914684595903164,7.586807807851526,4.3966666666666665,3.505,3.88472,4.66198855231984,5.628552845129933,5.717027500519062
1997-08-31,MONSOON,3.6128571428571434,6.333333333333332,10.151666666666667,1.35,7.323333333333332,6.803333333333334,8.13125,2.3,5.25,10.0,6.505,6.9,9.17,3.85,7.276666666666666,6.2650000000000015,4.136964285714285,4.1589285714285715,4.182208182857143,5.626064013238411,2.1619683540143666,3.49625539234651,5.962083333333332,5.486833333333333,5.9573791573333335,8.352485616222872,2.2619592256834835,3.442729651080868,10.712,10.712,10.858482218666667,10.870202258214576,10.05986258363611,10.235912619617423,2.91,2.7175,2.9097695999999997,3.7211201929109685,1.2615865653663665,1.8848620528614206,6.398750000000001,6.601666666666667,7.110327253333333,5.469997199263739,4.457810125243714,5.636859304791857,6.0097916666666675,5.673958333333333,6.179791413333334,5.076950300135492,3.612467162149193,3.6540917372406017,10.554360119047619,10.697574404761902,10.953506742857142,23.950223249871126,8.182743492637126,10.57699125168876,3.7624999999999993,3.75625,3.7374416,2.739418300340026,2.822589420936901,4.844122737082898,6.0024999999999995,6.3812500000000005,6.503468160000001,5.275725664153902,2.9656437456195244,4.403571337961482,7.00125,6.8966666666666665,8.32035712,12.975642363922788,2.985786189885727,3.4062483015683567,5.535,5.493749999999999,6.00797248,5.919267008544482,5.17077440451702,5.432233296566395,6.639583333333333,6.926666666666665,7.2316249599999995,5.126762206458648,4.377913302804307,5.089564023784767,9.033375,8.190499999999998,8.405410879999998,8.10880722584541,6.351184896842401,7.745656622400828,3.9,4.737500000000001,4.902768640000001,4.862433078945295,3.1109205569847544,3.4816398388802448,5.921666666666667,6.0075,6.4619101866666675,4.974251482131106,3.8305894739324677,3.3789310398926005,4.52375,4.254583333333334,4.836832000000001,5.4725491563170525,2.1391784924945156,3.015561915163787
1997-11-30,POMKH,2.978571428571428,4.765,9.336666666666668,1.05,3.733333333333333,4.733333333333333,5.939166666666666,2.95,2.81,3.13,5.050000000000002,4.529999999999999,8.777999999999999,0.25,3.9166666666666665,3.6366666666666654,3.999345238095238,4.141071428571428,3.700753481142857,4.79005579635994,2.777598380513197,3.4111687960982118,5.951833333333332,5.983083333333333,5.4804274944,7.297669846487036,5.149837639969627,4.6223039015667275,10.712,10.712,10.249755997866668,10.68481594231585,9.169824581818776,9.538354498054215,3.1025,2.7175,2.16586176,3.3950613351388585,0.9902897448874803,1.644520041803938,5.96125,6.630833333333333,5.759529685333333,4.710224170853279,5.684499693237644,4.935810342663021,6.225416666666667,5.935416666666667,5.601208181333334,5.089973563596359,4.094046007465046,4.683848398987335,10.411145833333332,10.697574404761902,8.947770712380951,21.297753974979184,5.995110571102601,9.022618542978668,3.23125,3.9937500000000004,3.42246496,2.7668542841902752,3.3270512641125998,1.8974599437431459,5.242500000000001,6.115,5.026080896,4.90703355738084,3.7916097127904393,4.48821069937412,6.8875,6.9375,6.244214272,7.6190001705202155,5.179330025971812,5.556629270208267,5.45375,5.743749999999999,5.624783488,5.699836938172588,4.471956292505904,5.432382528520405,5.928333333333334,6.904999999999998,6.150974975999999,5.157226561819555,5.246439340539655,6.268672129457498,9.785333333333332,8.640999999999998,8.554446527999998,8.304691833016363,7.226097844606951,8.416423067524253,3.2875,4.175000000000001,3.0416611840000005,1.102067700409914,2.522879694688613,2.896229097910745,5.588749999999999,6.078333333333334,5.443812778666667,4.9628867437457655,5.921805730164737,5.059749853043372,4.7231250000000005,4.53875,4.356765866666667,4.29667965595881,2.433100905566024,3.686522261789823
1998-02-28,POMRB,3.6685714285714286,5.4659999999999975,10.79,4.409999999999998,3.81,4.8500000000000005,11.53,2.775,4.4,4.33,3.05,4.6,10.565,2.0,4.616666666666666,3.9333333333333336,3.6729761904761906,4.132857142857143,3.6878806601142857,4.332371845074402,3.923676987236079,3.553218021918743,5.5201666666666656,5.941083333333332,5.474656496639999,6.729769792579936,7.322965110762998,5.8757145078426145,10.712000000000002,10.712,10.46585359872,10.702314502644462,11.033757268857162,10.489278778715267,3.1024999999999996,3.102499999999999,3.0635170559999994,3.5163171803935858,3.3641147354919827,2.874737360777695,5.2404166666666665,6.166666666666666,4.9797178112,4.144886319987556,6.6529373419964,4.855465411624427,5.849166666666666,6.084166666666667,5.300724908800001,5.103030234665657,5.969352028798047,4.373058658163727,10.244739583333333,10.41114583333333,9.98066242742857,19.91566122024673,12.733929195225171,11.830361619818241,2.8562499999999997,3.53125,3.1634789760000004,2.7945650458002733,4.017402501838612,4.094683900436548,4.2075000000000005,5.89,4.7756485376,4.875070350219203,6.4118112115434736,4.556641253091541,5.786875,7.0649999999999995,5.478528563199999,5.184890291490077,6.274442673044929,4.063613321181465,5.374375000000001,5.326249999999999,4.5948700928,4.997427774010468,5.479707659789728,5.358863020405183,4.958124999999999,6.374166666666665,5.530584985599999,5.187871943451551,7.661149475134653,6.453944310965106,9.604916666666666,9.425749999999999,9.358667916799998,8.987163052801327,9.60325851260944,8.704246122098839,2.47,3.625000000000001,2.6249967104000005,1.250395121138634,3.507775203559108,2.9742085472120117,4.844166666666666,5.765000000000001,5.112954333866666,4.966828456140262,6.333741922083211,5.064715604027541,4.491458333333333,4.50875,4.187392853333334,3.7770990369521438,4.0593053068536795,4.008985807793792
1998-05-31,PREMON,5.203333333333333,7.286000000000001,12.569666666666668,5.6,8.156666666666666,9.08,16.044166666666666,3.7,5.92,9.38,7.72,5.9,12.066666666666668,5.7,5.84,5.915,3.4502976190476193,3.8658333333333332,4.294061729401905,4.590091443255374,5.258936181775084,5.137261689525065,4.903125,5.962583333333333,6.199193897983999,7.145717108821377,8.180858536131744,7.362892573065018,10.712,10.712,11.307378825898668,10.938072456872526,12.79599114485395,12.121529145107104,3.1024999999999996,3.1024999999999996,4.0781102335999995,3.767150170276076,5.8553935526390255,4.862437318797081,4.614583333333333,5.7558333333333325,6.250497353386667,4.886255649032929,8.416784883437874,8.303057545812184,5.147916666666667,6.366666666666668,6.812434945280001,5.116120425211429,8.462899872037038,7.590630573790187,10.078333333333331,10.411145833333329,12.406064123123809,19.59961866519221,16.041141361143513,14.416574489473174,2.746875,2.93125,3.3780873856000007,2.8225533410386423,5.095142736729715,4.289673062413682,3.8687500000000004,4.594999999999999,5.23338912256,5.161981876507307,9.011376806311137,9.368552942272311,4.811875000000001,6.71,7.03911713792,7.084557281169067,12.735964941906794,10.664331909746586,4.942500000000001,5.581249999999999,5.84492205568,5.7485792631884145,6.921232632836793,5.359817688248723,4.37375,5.482499999999998,5.67835099136,5.21869943650443,8.688427682428465,8.187428782761526,8.554166666666667,10.144916666666667,10.441867416746668,9.919521254797528,11.110470805883187,9.65336247364729,2.12625,2.9500000000000006,3.8549980262400005,7.359755832165324,8.202972560707233,7.3626090841827345,4.2675,5.4125000000000005,5.40377260032,4.997061667113885,6.9405482542996015,6.773507470643461,3.92625,4.9375,4.878435712,4.943340739504227,5.727555265698046,4.986390757144319
1998-08-31,MONSOON,2.07,2.794,10.151666666666667,1.35,3.2,2.6633333333333336,6.8,1.7000000000000002,2.15,2.615,4.85,2.705,4.8500000000000005,0.01,2.73,2.6966666666666668,3.432440476190476,3.480119047619047,3.404437037641143,3.5730506725353215,2.226125075708832,3.2514700524466225,4.71525,5.07775,4.837116338790399,5.292098776230578,2.7776979225803755,4.740579781559822,10.712,10.712,10.845093962205869,10.845249768946664,10.062854306721228,10.171744695390732,3.27125,3.1024999999999996,2.9868661401599996,3.4718738205123514,1.5790522949228718,1.950723474901046,4.54875,4.725,5.030298412032,4.26151589050192,3.4225876195658014,5.618884541231366,4.728750000000001,5.331666666666668,5.152794300501333,5.129244153475263,4.579563671639871,5.569094489201322,11.570208333333333,10.078333333333328,10.163638473874284,16.84452464451162,8.130599474933094,9.058640444229138,2.75,2.78125,2.7068524313600006,2.8508219391070813,1.693494234416801,2.748117515140011,4.130000000000001,3.8199999999999985,4.000033473536,4.618777234522312,3.037683086100805,2.7929038122318395,4.725,4.86375,5.269470282752,4.296458494813001,2.9019455943759715,6.9239115661601,4.805,5.1674999999999995,5.446953233407999,5.520744733463914,5.74360456474257,6.538811806106562,4.42625,4.433749999999998,4.489010594816,5.2497100885780785,3.9020872373781126,4.3261397045213,7.759291666666668,9.064916666666667,8.205120450048,8.357673592598166,8.903494587014999,10.55670314224174,2.375,1.9900000000000007,2.3169988157440002,2.963655397793319,2.890108536416517,3.0096323701189336,4.33625,4.275833333333334,4.334263560191999,4.95968060270476,3.2389102349569177,4.361463134354074,3.7279166666666668,4.045416666666666,4.005728093866667,3.595225603919069,2.238180913181537,5.053583449160678
1998-11-30,POMKH,2.74,3.3680000000000003,9.336666666666668,1.05,2.85,3.2633333333333336,5.939166666666666,2.675,3.2,2.715,3.25,4.05,4.692,1.34,3.85,2.6833333333333336,3.453363095238095,3.4204761904761902,3.138662222584686,3.0445249485398036,2.8415316524768555,2.7778721520048157,4.677500000000001,4.7285,4.2494698032742395,4.244671468126524,3.9401447085614745,3.063162984574176,10.712,10.712,10.241723043990188,10.662943484400316,9.17126349095342,9.411998467459519,4.409625,3.1024999999999996,2.212119684096,3.1761863175838476,1.2574313113305786,1.7074561008387725,4.692500000000001,4.504166666666666,4.1581790472192,3.66980980437852,3.1114894608063954,2.5166900171899957,4.197916666666667,4.964166666666667,4.397009913634133,5.142401550131984,3.6262140054937917,3.049576290821359,18.3690625,10.078333333333328,8.473849750991237,14.080676931765856,5.867306366557687,6.944382285680129,2.9000000000000004,2.7125000000000004,2.6941114588160007,2.879373657855624,2.380993153308842,2.0113520791262296,4.801875,3.917499999999998,3.6800200841216,4.31940012475914,3.863649053271418,2.149356626146043,4.5175,4.76,4.2476821696512,2.890407701015064,2.582827191672309,0.8787811102788116,4.8275,4.717499999999999,4.5681719400448,4.920551272775425,3.835466025976093,4.408016820011735,5.01375,4.313749999999999,4.3134063568896,5.280905022933749,4.207053204989936,3.8910623860886187,6.963708333333334,8.043416666666667,6.7998722700288,7.227037480188845,7.167399206745607,8.441688268115168,2.8,2.2625000000000006,1.9261992894464002,1.65163828030141,0.6061745530414142,0.5696843603752471,4.525,4.259166666666667,4.1405581361151995,4.9471595237219415,3.629147157039731,2.2185042733143776,3.6906250000000003,3.8070833333333334,3.476770189653333,2.764916985611001,2.532103326110241,2.7088136798203344
1999-02-28,POMRB,3.764285714285714,5.36,10.79,5.76,4.166666666666667,2.966666666666667,23.465,3.075,6.1,4.05,3.75,5.5,8.291999999999998,2.9,5.233333333333333,3.3000000000000003,3.5633928571428575,3.444404761904761,3.388911619265097,3.080370570441308,3.9875678384681787,3.521219291699593,4.635000000000001,4.702000000000001,4.693681881964544,4.471460446782113,6.033573091846662,5.10391612265208,10.712000000000002,10.712,10.461033826394113,10.683141889838971,11.0344493313761,10.577174971686748,5.958859374999999,3.44,3.6312718104575996,3.487873926818454,4.415843873231019,4.005524505357513,4.747083333333333,4.593333333333334,4.161574094998187,3.551726235859439,4.921336157983459,4.09959567860193,3.987083333333333,4.493333333333334,3.8248726148471466,5.15559269584148,5.219943316612879,3.9735132138564944,23.64479166666667,13.062083333333327,14.470309850594742,15.99887205521118,12.303937441242056,11.19297759833685,3.045,2.7875,2.8464668752896003,2.908211330771899,3.3034926265287825,3.516698359567017,5.3237499999999995,4.342499999999998,4.6480120504729605,4.656218751914581,6.4838505520244825,4.5437328144443585,4.3462499999999995,4.6899999999999995,4.16860930179072,3.0245668981380627,4.42869454657553,4.191976660251283,4.69625,4.892499999999999,4.24090316402688,4.616787747659722,3.727726106310397,3.4736995846703964,5.594374999999999,4.5387499999999985,4.78804381413376,5.312285335423236,6.70652616469514,5.6363886791791895,6.6119375,7.4751666666666665,7.39672336201728,7.544970378077563,8.014460407426265,7.442546154702702,3.2978125,2.4875000000000007,2.31571957366784,2.7062324204692145,2.257310391950066,2.926960224975348,4.76875,4.413333333333334,4.577668215002452,4.964695545870747,4.998448268543417,4.857666273513573,3.64625,3.6487499999999997,3.406062113792,2.7528258717001792,4.1583077273504765,3.7071223049017026
1999-05-31,PREMON,5.275,7.0900000000000025,12.569666666666668,13.357000000000001,8.95,6.716666666666666,58.5,4.6,9.595,8.0,7.2,9.7,7.975,8.2,6.7333333333333325,6.25,3.68625,3.4623214285714283,4.143346971559058,3.8050210141675733,5.32283172360259,5.166158765660001,4.538500000000001,4.653000000000001,5.652209129178727,5.544697708193472,7.394999377490255,7.273838006658867,10.712,10.712,11.304486962503136,10.921266431541088,12.79632400151548,12.247945657199002,7.2376562500000015,5.379250000000001,7.5215630862745595,4.6831327719828195,5.867259588802534,4.933175513641372,4.727499999999999,4.791666666666667,6.076944456998913,4.833243867584734,7.725079236368957,8.401421129632329,3.9970833333333333,3.9025000000000003,4.981590235574954,5.168817702923475,7.394895111111098,7.3333556907651944,23.711145833333333,23.67604166666666,32.08218591035685,27.783903364776826,16.60699487430452,15.914711441128016,3.055625,3.0125,3.54788012517376,2.9373378257477265,4.7319884593747545,4.205034110122031,5.43,5.261249999999997,6.626807230283777,5.758141546735912,9.0834161467923,7.8466577352581925,4.34125,4.344999999999999,5.701165581074433,6.11185330103925,11.429062219963557,9.937186645226708,4.601875,4.762499999999999,5.424541898416129,5.329151271783661,6.944037703163874,6.420425593361714,5.64625,5.488749999999998,6.7528262884802555,5.343852148737627,8.014832272610748,7.812286826081292,7.002375,6.452249999999999,7.628034017210368,7.668298886778529,9.261722709189748,8.19796961114128,3.4821874999999998,3.1125000000000007,4.669431744200704,12.396248328732407,6.769609535328648,6.289424604147548,4.932083333333333,4.636666666666668,5.439934262334805,5.014224495758665,6.4447627456415875,6.808167010396888,3.4652083333333334,3.7325,4.5436372682752,5.167754997203366,5.826557686178095,5.094751571896334
1999-08-31,MONSOON,2.8785714285714286,2.65,10.151666666666667,5.986875,2.8433333333333333,3.34,6.55,1.96,2.65,2.625,4.32,3.55,6.1275,1.4925,3.786666666666666,2.0066666666666664,3.728928571428572,3.6644642857142857,3.637436754364006,3.4558824400566848,2.2900215197397475,2.896392642413186,4.53482142857143,4.617000000000001,4.451325477507236,4.253095055798826,2.2428236147525435,4.056375823946494,10.712,10.712,10.843358844168549,10.830518209387915,10.06301439852687,10.152156116162782,8.298093750000001,6.538468750000001,6.907687851764735,4.838715804581368,2.2670713273755254,2.4584859831963026,4.905833333333333,4.702500000000001,4.78350000753268,4.319298047069109,3.470387399409664,5.243285009550661,3.9954166666666664,4.071666666666667,4.324954141344972,5.1820766128932725,3.147613585382844,3.6581149662150922,22.316875,23.61354166666666,21.86931154621411,25.085795634209752,10.693714594837122,16.817856863225714,3.035,3.0775000000000006,2.9127280751042557,2.9667560206458243,1.7673200531237603,2.857659760793476,5.481249999999999,5.386249999999997,5.036084338170266,5.299973712823127,3.1097224265823113,3.8484622377376922,4.365,4.347499999999998,4.47069934864466,4.475218720734713,1.569886762263757,2.867077240298106,4.5575,4.629999999999999,4.982725139049677,5.07022258621893,5.192447828905388,5.653418029981509,5.558125,5.6999999999999975,5.471695773088153,5.375606491562403,3.906368094496776,5.362666844513478,7.176416666666666,6.771624999999999,7.027820410326221,7.188519288197615,6.202590617028008,6.95642103498953,3.6574999999999993,3.4831250000000007,3.3986590465204225,7.178679766762842,1.7391832079625216,2.3380300258491094,4.9750000000000005,4.900833333333334,4.77862722406755,4.999288057089835,3.340563398800276,4.322106745350032,3.4733333333333336,3.56,3.5288490276317863,3.7112670947218125,2.337183333671864,4.245879851173104
1999-11-30,POMKH,2.914285714285714,2.74,9.336666666666668,6.6435,3.0499999999999994,2.6666666666666665,6.72,2.5,3.55,2.665,3.0250000000000004,3.62,6.537999999999999,1.3325,4.1000000000000005,1.925,3.755625,3.7080357142857143,3.3481763383326895,3.1814325853860583,2.9055308143566823,2.9941462510585706,4.8187500000000005,4.460000000000001,3.7667952865043417,3.399861993428906,3.571587272105847,3.0740224297121252,10.712,10.712,10.240681973167796,10.650030327199072,9.171340489193247,9.371546262388193,8.65934375,7.93684375,6.8020127110588415,5.05499226606238,2.296890990063728,2.450183713130868,5.146041666666667,4.7525,4.090100004519607,3.919427561246724,2.9578769300689567,2.4503783329235462,4.25125,3.9225000000000008,3.6616391514736497,5.195369529917988,2.786716850738609,3.4051784197294244,17.471249999999998,23.808749999999993,15.809586927728466,22.09142785195902,8.787124340196668,9.962257980161546,2.8881249999999996,3.0337500000000004,2.7476368450625532,2.996468848187689,2.519224732371886,2.310542251089803,5.584375,5.473749999999997,4.441650602902159,5.028024838648064,3.935688393752965,3.092581158573186,4.257499999999999,4.334999999999998,3.7484196091867954,3.3895433381320754,1.712632066795324,2.280908478578202,4.478750000000001,4.573749999999999,4.199635083429806,4.529903581949162,3.3515326488273196,3.731114383824761,5.34125,5.592499999999998,4.731017463852892,5.407549526040437,4.338726797014658,4.256037990009924,7.2236666666666665,7.233124999999999,6.831892246195732,6.9816439301509545,5.978017034536453,6.65006818657845,3.9299999999999997,3.4812500000000006,2.5721954279122534,3.066838616495642,1.2973058332645384,1.1890772305077713,5.206666666666667,4.963333333333334,4.50717633444053,4.991392735409339,4.1415369566274425,3.24824806216394,3.3175,3.3704166666666664,2.887309416579072,2.584178741353498,2.6311057465740624,2.5246721193240216
2000-02-29,POMRB,3.931428571428572,5.958571428571429,10.79,8.65,5.3933333333333335,3.5500000000000003,11.53,3.085,6.16,4.29,3.62,5.225,7.838333333333335,4.31,5.326666666666667,4.123333333333334,3.5374404761904756,3.7498214285714284,3.5814772315710424,3.3884831889937503,4.0515820134530625,3.6352634634122776,4.9505357142857145,4.609642857142858,4.643505743331177,4.362178155740216,5.554622941885676,4.880227386708544,10.712000000000002,10.712,10.460409183900676,10.671822678981558,11.034486364654873,10.622235077222616,8.65934375,8.659343750000001,7.541207626635305,5.488312574505855,7.110140838129088,5.961755417510203,5.302499999999999,5.059166666666667,4.611393336045097,4.221674818030311,4.943812193899281,4.213054146821113,4.223333333333334,4.068333333333333,3.6169834908841896,5.2086965511360495,4.448673654680132,3.460624147614358,14.14875,20.824999999999992,14.09775215663708,20.246258561538333,18.15914562311766,17.398930685246718,2.6637500000000003,3.036250000000001,2.882582107037532,3.026479259353953,3.333363755820268,3.299857809716388,5.62375,5.488749999999998,5.128990361741296,5.316962585069988,6.555889892506056,5.423280275650467,4.44,4.394999999999998,3.965051765512077,3.772290454880303,3.8407660049269814,4.051922356129619,4.491874999999999,4.541249999999999,3.9677810500578836,4.295693083404686,3.480627404016973,3.4511799504332927,5.05125,5.523749999999998,4.928610478311734,5.439682385214872,6.753090317237537,5.419981527576213,7.289687499999999,7.119708333333333,7.234468681050773,7.236123788164036,7.978316154880187,7.510333306523374,3.8409375000000003,3.8337500000000007,3.267317256747352,3.9363726103014245,2.8306764783147225,2.697120020251103,5.249583333333333,4.986666666666667,4.834972467330985,5.010088690437044,5.397988246686759,5.070314125965405,3.0412500000000002,3.57625,3.381718983280777,3.3877110707276596,4.257310147776631,3.332476970190954
2000-05-31,PREMON,5.32142857142857,8.762857142857143,12.569666666666668,13.357000000000001,9.645,8.18,31.67,3.415,10.36,6.9,6.7,8.24,8.806666666666667,8.97,8.493333333333334,4.18,3.3277380952380953,3.761428571428571,4.277457767514053,4.189537062850232,5.386860396493758,5.233643691000498,4.9637142857142855,5.027857142857143,6.2912463031415635,6.62458089593321,7.374534255117402,7.493592192084444,10.712,10.712,11.304112177007074,10.911344416929335,12.79634181311268,12.316675879431198,8.65934375,8.659343750000001,9.867524575981182,6.439812477756272,13.608140621827975,11.3947666080942,5.390833333333333,5.232916666666667,6.624836001627058,5.761470428864174,8.347206539781194,9.101594280847802,4.035416666666666,4.434166666666667,5.442190094530513,5.222057787869368,7.004224965185237,7.376125075400372,14.18,14.117499999999993,21.12665129398225,23.65978490302746,29.693685660523705,31.67378985492565,2.596875,2.7400000000000007,3.0955492642225195,3.0567902336166473,4.754985299382793,4.266468662965187,5.72375,5.679999999999998,7.221394217044778,6.523109523215006,9.155455487273873,9.192692804548509,5.69625,4.119999999999997,5.139031059307246,5.9589253916905855,11.126061683274452,9.364123187331721,4.726875,4.416249999999999,5.06066863003473,4.958716835868556,6.796422177935414,6.381484872280612,4.838125,5.158749999999999,6.253166286987041,5.472006207900977,8.01267035868283,8.084356854788549,7.2773125,7.327624999999999,7.86334787529713,7.708728679108549,9.066948454564168,7.960318956037526,3.7690624999999995,4.026250000000001,5.548390354048411,10.980371813897033,7.774099894815862,7.1123249530015515,5.07375,5.426666666666668,6.298316813731924,5.096678125522553,6.71260795039238,6.8367626399416555,3.3247916666666666,3.05875,3.701031389968466,4.049474862000685,5.925560106641699,5.646014158882634
2000-08-31,MONSOON,1.0866666666666671,2.0314285714285716,10.151666666666667,5.986875,3.4,1.653333333333333,6.8,1.35,2.2,5.185,4.925,2.69,5.824,0.01,2.37,1.8666666666666665,3.398095238095238,3.313452380952381,3.0011413271750986,3.1143472282115567,2.3540487797905194,2.9144941433073095,5.144214285714286,4.873214285714286,4.587319210456366,4.950353749149035,2.942866481244465,4.50063884132229,10.712,10.712,10.84313397287091,10.821820926936343,10.063022965199782,10.144371338105994,8.659343750000001,8.659343750000001,8.31526474558871,6.381339264812839,6.268097082321974,6.381462570615018,5.5,5.372083333333333,5.3349016009762344,5.3828576910181605,4.128803147593649,4.982851609778953,4.2375,4.0125,3.926647390051641,5.235453256900012,3.277858297396349,4.148312803487892,17.16375,14.179999999999993,15.39599077638935,20.342327522844702,9.534562475496015,9.912870117715094,2.4925,2.5875000000000004,2.397329558533512,3.087404772702192,1.372418158521393,2.073832866282941,5.8725000000000005,5.567499999999998,5.212836530226866,5.886405871916242,3.18176176706395,3.7120435151247513,7.269374999999999,4.759999999999997,5.157418635584348,6.146208618833022,0.9926023283394318,3.0781150730297733,5.20875,4.567499999999999,5.0064011780208375,4.963042639795472,4.666713768318472,4.956303460153324,4.693958333333333,4.943749999999999,4.827899772192224,5.504522063020662,3.683302466876079,4.337505283779847,7.189645833333333,7.251749999999999,7.047608725178278,7.123679882645287,6.397793810240854,7.030114992335599,4.01875,3.6556250000000015,3.333034212429047,3.7606696172784506,2.0002476226835677,1.9123726496923839,5.33625,5.072500000000002,4.7269900882391545,5.0496195160710995,4.250161456428203,5.122944702284239,3.757083333333333,3.02375,2.967285500647746,2.8525952284934757,2.436185754063792,2.8879294352366665
2000-11-30,POMKH,3.0285714285714285,3.464,9.336666666666668,6.6435,3.2000000000000006,2.85,6.72,2.575,4.8,10.155,4.3,2.775,6.7425,2.24,4.109999999999999,4.333333333333333,3.411904761904762,3.34202380952381,3.0121133677336305,2.9873328353452524,2.969301355767528,2.4618669561541746,5.125732142857142,5.054214285714286,4.13799152627382,4.330079959439299,3.7105602505111697,2.69658854678069,10.712,10.712,10.240547050389214,10.642406601070626,9.171344609396094,9.353756854988799,8.65934375,8.659343750000001,7.646558847353226,6.4096428220148995,6.4727914957332615,6.815802999201935,5.482916666666666,5.409583333333333,4.480940960585741,4.935914734668705,3.565624649621544,2.8489871528282626,4.487916666666667,4.058333333333334,3.4959884340309846,5.248883095180829,2.4064683823019735,2.5340799751531726,23.50125,14.179999999999993,11.92559446583361,17.151411211763275,8.222415157676066,10.093138504497212,2.5143750000000002,2.60625,2.4683977351201074,3.1183259285520135,2.049911031984478,2.0322044117541327,5.945,5.879999999999998,5.04770191813612,5.797370211828254,4.007727734234554,2.929491567835761,8.424999999999999,6.632499999999997,7.156451181350609,9.908774912225319,2.2150304192257257,3.2519616517647503,6.012499999999999,4.886249999999999,4.723840706812503,4.796886259024593,3.4696132264793587,3.9071918921393065,4.609791666666667,4.732499999999998,4.006739863315334,5.537231134978259,4.019147592487752,3.719844461873466,7.318083333333333,7.302874999999999,6.9255652351069665,6.999279506091261,5.983747073975165,6.637588428381663,4.05875,3.882500000000001,2.8958205274574285,2.1798717111756853,1.4822095000651307,1.345156123814645,5.215833333333333,5.075000000000001,4.480194052943492,5.040970555839298,4.050644295794972,2.6913368143721645,4.125833333333333,3.6258333333333335,3.513704633721981,3.7535594676425945,2.730108166954255,2.271470328214711
2001-02-28,POMRB,4.38,6.678571428571429,10.79,8.65,6.116666666666667,4.983333333333333,35.4,2.175,6.1,9.385,6.2,4.916666666666667,6.932499999999999,5.4,7.416666666666668,5.173333333333333,3.4300595238095237,3.4541666666666666,3.559268020640178,3.470364331769392,4.115359286596413,3.726446945142902,5.070821428571429,5.234214285714287,5.154223487192864,5.452859574078621,5.942524698626924,5.430509851392996,10.712000000000002,10.712,10.460328230233529,10.66513999385489,11.034488346268102,10.65047044856814,8.65934375,8.659343750000001,8.047935308411937,6.677895240691366,8.63583661905435,8.201064167671602,5.254583333333334,5.590416666666666,5.1352312430181115,5.329775864001798,5.323615107284025,4.538980940415137,4.965,4.416666666666667,4.090926393751924,5.262347396834466,4.226773397250442,3.552070898670554,26.7925,20.147499999999994,21.315356679500166,21.576775124689362,16.399003573016163,21.47449228337372,2.75625,2.37875,2.3510386410720643,3.149556766251025,3.052351877934903,3.2368203091249157,6.05,5.8649999999999975,5.468621150881672,5.972142643841913,6.627929232987757,5.970438918799696,8.589375,7.9062499999999964,8.047870708810365,11.711484810736483,6.747917058518473,7.466632275814828,6.515625,5.531249999999998,5.314304424087502,5.190032026388827,4.240272289752479,4.269915264434216,4.665416666666667,4.655416666666666,4.370710584655868,5.570134587715669,6.353894997532623,4.98464552472765,7.51675,7.076416666666666,6.928339141064179,6.971205517321174,8.059565204051845,7.63299229119786,4.22375,4.155000000000002,3.897492316474457,5.21294580613593,3.7144752369416025,3.8964981869608337,4.8254166666666665,5.597500000000001,5.6547830984327625,5.103759148293586,5.350487969170561,5.119530141740373,4.208125,3.8883333333333328,4.177556113566522,5.071348888107446,4.356312568230111,4.2411141327067625
2001-05-31,PREMON,4.983333333333333,7.895,12.569666666666668,13.357000000000001,8.785,8.75,58.5,4.5,11.0,11.05,10.55,7.875,10.74,8.2,5.44,6.079999999999999,3.550297619047619,3.369642857142858,4.12889414571744,4.171775469453798,5.450690767374089,5.3658111181398285,5.182017857142856,5.017250000000001,6.250534092315718,6.95458094123312,7.9037436898592235,8.072288838268848,10.712,10.712,11.304063604806785,10.905486614622461,12.796342766143042,12.36038401013262,8.65934375,8.659343750000001,10.171561185047162,7.4844412297771195,13.53899035605462,11.498439447379708,5.175416666666667,5.375416666666666,6.595138745810868,6.466458814980833,8.898077427517713,9.546121420128536,5.33125,4.559166666666667,5.954555836251155,5.275846260657691,7.247391672574667,8.11421359978331,26.729999999999997,26.854999999999993,36.1892140077001,32.453870068219516,31.593453943341395,56.16254318399211,2.7968750000000004,2.6500000000000004,3.2106231846432385,3.1811003970014435,4.256379026869957,3.590679611913673,5.90625,6.024999999999999,7.681172690529003,7.2130625316012225,9.227494827755562,9.351677700178335,7.6312500000000005,8.943749999999996,9.24872242528622,13.68315486041874,14.786151431569007,10.951179098414242,6.575,6.4937499999999995,7.408582654452502,6.656216930928574,8.386095863043668,7.821312848712866,4.872916666666667,4.564166666666665,5.772426350793521,5.6032335825614705,7.627243200487509,7.908974769425336,7.4971875,7.559749999999999,8.453003484638508,8.11665304221514,8.773173612582774,7.7660554923520575,4.3925,3.9625000000000017,5.618495389884674,10.790794007313874,8.559989306874854,8.411171513100218,5.107916666666667,4.834166666666668,5.5688698590596575,5.122734146996027,7.5844137040263435,8.253440609876346,3.8362499999999997,4.363333333333332,4.938533668139913,6.641863800013324,6.024562527101122,5.397006295355615
2001-08-31,MONSOON,1.57,2.46,10.151666666666667,5.986875,2.433333333333333,4.9,6.3,2.2,2.4,2.35,5.1,3.5,5.48,2.1,2.3000000000000003,0.625,3.534940476190476,3.490476190476191,3.105336487430464,3.319762858252991,2.4178218344293874,2.4105805294524663,5.146696428571429,5.124392857142858,4.7343204553894305,5.322171787639805,2.8776246110666603,3.621590535139905,10.712,10.712,10.843104829550738,10.816686187349484,10.063023423519734,10.140956492690952,8.659343750000001,8.659343750000001,8.497686711028297,7.298677135116387,6.180170065454181,6.478461774830911,5.147916666666667,5.13375,4.930416580819854,5.666474914357599,3.977102121681691,4.247716393783731,5.251249999999999,5.3708333333333345,5.532733501750693,5.289379726845747,3.6128545617099457,3.773407400641651,24.44875,26.729999999999993,24.23352840462006,28.733236697061592,11.622182313989782,10.41311458360989,2.8218750000000004,2.8625000000000003,2.8063739107859433,3.212959937111,1.421650288019972,2.4044006303025096,5.7375,6.074999999999998,5.568703614317402,6.507831976266015,3.2538011075456925,3.5444273318554544,7.25625,8.234999999999996,6.489233455171732,8.425519988490546,4.8212925579662755,5.895734892159304,6.495,6.537499999999999,6.485149592671501,6.2526821004592525,7.406949667286286,7.3487300436776,5.132708333333333,4.766666666666665,4.863455810476112,5.636529225110251,3.3009706010507767,3.8148754277416295,7.499375,7.473749999999999,7.263802090783105,7.301108143368753,6.950167971341418,7.430899216986928,3.9662499999999996,4.485000000000001,4.211097233930804,5.469601303573052,1.2485082509622085,1.1440745739528024,5.2250000000000005,4.816666666666668,4.261321915435794,5.073665044972503,3.4338251902896753,2.961816409928098,3.567083333333333,4.052916666666666,3.2131202008839477,3.615947241774455,2.5351881745899463,3.140519228992314
2001-11-30,POMKH,3.5071428571428567,3.925,9.336666666666668,6.6435,3.5333333333333337,2.533333333333333,6.72,2.05,3.45,5.325,4.6,3.625,6.9300000000000015,1.5,6.44,2.6,3.275595238095238,3.6101190476190483,3.266059035315421,3.3671216779806197,3.0331343082678064,2.7213594548935993,4.856249999999999,5.239642857142859,4.410592273233658,4.7470689332059175,3.8554357537842785,3.031680179159443,10.712,10.712,10.24052956439711,10.637905672353055,9.171344829778254,9.344602432497691,8.65934375,8.659343750000001,7.756012026616979,7.215200554046628,6.762192373063285,6.907557662432949,5.1693750000000005,5.217083333333334,4.371583281825245,5.199830541416771,3.008094872766982,2.4507476868822944,4.953333333333333,5.291666666666668,4.332973434383749,5.302947893597535,3.55954961303584,3.8763543537687433,15.459999999999999,26.729999999999993,17.228117042772034,24.82304882691023,10.606363418038136,9.714373327673362,2.7800000000000002,2.73125,2.503824346471566,3.245138558113778,2.3761636545734657,2.521059481862551,5.680000000000001,5.737499999999998,4.721222168590441,6.015859357907587,4.079767074716309,3.7056612747648034,8.283125,7.027499999999996,6.023540073103039,6.679298964316551,3.7504406527122764,4.8930423975682,6.025,6.612499999999998,5.7310897556029,5.821918012545084,5.084592349537262,4.289584333765413,5.029375,4.979166666666665,4.368073486285667,5.670022718468494,3.8174877365584465,3.8064704616451084,6.676874999999999,7.520624999999999,7.130281254469864,7.179595465076423,6.195560273015577,6.862076827079245,2.95125,4.300000000000001,3.1266583403584827,2.1714383841775042,2.225839267481246,2.4468273237110365,5.318333333333333,5.399166666666669,5.132793149261477,5.114773264424063,3.555295792554734,2.891919638753916,3.560694444444444,3.619583333333333,2.9678721205303686,2.800900131714258,2.8291105874707294,2.642110502784253
2002-02-28,POMRB,3.778571428571429,5.935,10.79,8.65,5.563333333333333,4.66,17.15,2.9000000000000004,6.1,11.215,5.26,6.145,6.7624999999999975,2.73,6.0233333333333325,4.753333333333333,3.183720238095238,3.4597619047619057,3.4710639926178244,3.527291714067778,4.179249709716141,3.9917987894063183,4.6275,5.053750000000001,5.020355363940195,5.290814739910413,6.2219110567378895,5.858212945855795,10.712000000000002,10.712,10.460317738638267,10.661194641032617,11.034488452210468,10.67010229526457,8.65934375,8.659343750000001,8.113607215970188,7.3852935512193865,8.772649081629465,8.287776033871419,5.732916666666667,5.07875,4.84828330242848,5.327671036338741,5.209708772776088,4.987873638993294,4.643750000000001,5.210833333333334,4.46378406063025,5.316550878515572,4.96690312834064,3.738002268754843,9.677499999999998,22.16749999999999,17.19687022566322,23.577563811824614,24.154760537763522,15.337035911170886,2.49125,2.9125000000000005,2.6622946078829397,3.2776394592311124,3.0841191318231704,2.7430766600520773,5.96,5.737499999999997,5.272733301154265,6.094348902469812,6.699968573469377,5.32997107985482,9.23125,7.484999999999998,8.100124043861822,9.575400961947338,6.092699058598676,6.0368942747622025,5.856875,6.377499999999999,5.54265385336174,5.68548920796913,5.433272997730015,5.14530885445288,4.700625,5.286249999999998,5.0788440917713995,5.703715256714336,6.3115913622526865,5.257535853035832,5.891874999999999,7.478124999999999,6.983168752681918,7.044145687278483,8.262141047962215,7.7636476375640235,2.1204166666666664,3.6325000000000007,2.9679950042150898,2.040039193822416,4.687378286577589,4.644614812994376,5.906666666666667,5.050833333333335,5.489009222890219,5.146109187512722,6.070278451205899,6.71164631977652,3.726805555555555,3.5145833333333334,3.6820566056515545,3.849668248401901,4.455314988684076,4.039432355017404
2002-05-31,PREMON,3.51,6.315,12.569666666666668,13.357000000000001,9.510000000000002,6.69,4.84,3.44,10.54,17.435,7.73,5.82,4.33,2.75,7.58,6.448888888888887,3.2953273809523806,3.0914285714285725,3.4866383955706945,3.550547361203633,5.5144883199416945,5.104489011320951,4.843125,4.658750000000001,5.538213218364117,5.889980421779245,7.747861893334554,7.696384804151527,10.712,10.712,11.304057309849629,10.902028259720849,12.796342817044444,12.390811099750625,8.65934375,8.659343750000001,10.210964329582112,8.105641113832341,13.503691776191259,11.580188717989941,6.349583333333333,5.260000000000001,6.712969981457089,6.585932947082215,8.565349462786585,9.130828183901727,4.833333333333334,4.695833333333335,5.354270436378149,5.330188770299261,7.688722767500284,8.1038239819966,10.6025,8.75249999999999,12.25412213539793,19.243180180439925,40.090514981115355,17.711988008595622,2.4881249999999997,2.6475000000000004,2.973376764729764,3.3104658670817235,4.527965689721834,4.067097110510829,6.428749999999999,5.622499999999997,7.379639980692559,7.134421907661673,9.299534168237175,9.786802908041842,9.725,9.081249999999997,11.834074426317093,16.473025904980364,14.986210392143143,12.32824757250096,6.209999999999999,5.6724999999999985,6.417592312017044,6.254811258142499,8.593154217849019,8.00160098898256,4.863125,4.772499999999998,5.37530645506284,5.737608000750627,7.777477013504122,8.356269018813244,5.807708333333332,5.875624999999998,5.9219012516091505,6.206063096912465,8.834196081406734,8.149994360742406,2.0170833333333333,2.2700000000000005,2.8807970025290537,2.290306893946125,8.247495237883207,7.298976352656609,6.06,5.585833333333334,6.3254055337341315,5.210393687470151,7.39538209526745,7.058593894299875,3.812430555555555,3.606805555555556,4.788789518946487,6.045216540876124,6.123564947530312,5.440595668660906
2002-08-31,MONSOON,2.308333333333333,2.21,10.151666666666667,5.986875,6.216666666666666,4.483333333333333,13.7,0.95,5.1,3.55,6.574999999999998,2.925,5.609999999999999,0.9033333333333332,4.866666666666667,1.585,3.4423214285714283,3.276011904761906,3.01531637067575,3.072931706841387,2.481406893413414,1.821509569162877,5.167916666666666,4.596250000000001,4.20692793101847,4.3496975342675475,2.115781053002986,2.6886387188494467,10.712,10.712,10.843101052576444,10.813654717373469,10.063023447948716,10.139454782652347,8.659343750000001,8.659343750000001,8.521328597749267,7.84418210764337,6.138602115428036,6.5551411082902655,6.664583333333333,6.2058333333333335,6.51444865554092,6.78537081121908,4.171091354640136,4.268385779242319,5.2425,4.591666666666669,5.005895595160223,5.34386163153397,3.351392729599072,3.200641049612258,11.743125,10.602499999999992,12.832473281238759,17.491252320198573,8.224053204848696,8.400732917853537,2.631875,2.335,2.1640260588378584,3.343621030957998,1.2325831123179314,1.850204502644299,6.609999999999999,6.297499999999998,6.467783988415535,6.935782557175833,3.3258404480272548,3.1705368147721043,9.423124999999999,9.381249999999996,8.520444655790255,10.84794280304561,7.149872064105994,6.814009556729708,6.7278125,6.041249999999998,6.4805553872102255,6.358533651233085,5.333111630593528,5.106495349013782,5.30125,4.628749999999998,4.395183873037704,5.771702120492,3.1170491031942067,2.8704079405084184,5.724895833333333,5.908124999999997,5.7971407509654895,6.016921359288395,4.552643849725296,4.841393613129044,2.2302083333333336,1.9708333333333337,2.0898115348507655,0.9872696562407188,0.8744495042289961,0.2549189338787228,5.802083333333333,6.227500000000001,5.741909986907146,5.214957872258164,4.246474295028305,3.986444468899896,3.6588888888888884,3.846805555555556,3.5072737113678922,3.904286183545824,2.634190595001032,2.4713288293060383
2002-11-30,POMKH,3.661666666666666,5.9,9.336666666666668,6.6435,4.683333333333334,4.466666666666667,6.72,3.275,4.5,8.075,5.949999999999998,5.5,6.126666666666666,1.87,5.1000000000000005,2.325,3.7884999999999995,3.314642857142858,3.2738564890721165,3.231372909221664,3.09681440514932,3.0843986883792893,5.2729583333333325,5.090000000000001,4.884156758611082,4.977793866338641,3.3113814377325426,3.0491402947889688,10.712,10.712,10.240527298212534,10.635248394405327,9.17134484147476,9.339429448318498,8.65934375,8.659343750000001,7.770197158649561,7.694234247853969,6.785198494402515,6.980110238203269,6.593333333333334,6.493333333333333,5.782002526657886,6.477705528241049,4.989471155948859,4.449744644068506,6.023750000000001,5.075000000000003,4.790204023762801,5.357569565856543,3.2544802551677483,3.4109454785733533,16.237499999999997,10.602499999999992,10.387483968743256,14.328927407718451,8.04174512763624,10.106715476639437,2.72125,2.6412500000000003,2.6084156353027153,3.3771082605034453,1.820073593570929,1.7888614692066314,6.444999999999999,6.559999999999998,5.680670393049321,6.581848145115215,4.151806415198121,4.3788371612366745,9.188125,10.068749999999994,8.342266793474153,9.666545071832843,5.69062443271711,4.080421663928103,7.403124999999999,6.378749999999998,6.2683332323261345,6.265115620098125,5.051568431181742,5.356693846986902,5.73875,5.097499999999998,4.837110323822623,5.805998854594443,3.5743067816371705,3.4637697372436715,6.266249999999999,5.707291666666663,5.92895111724596,6.0439276832497715,4.758322696710476,5.433182763106741,2.8923958333333335,2.0633333333333335,2.0018869209104593,1.4629310623989766,1.0846585992774052,1.8550465093007948,5.429166666666667,5.892500000000001,5.485145992144288,5.224463374007561,5.122320905839551,4.812244750623131,3.7098611111111106,3.778055555555556,3.0343642268207356,2.8491682905618063,2.9281130079283972,2.903680813614221
2003-02-28,POMRB,4.8,6.558333333333333,10.79,8.65,6.933333333333334,6.0,26.275,2.825,6.5,6.05,8.0525,7.774999999999999,6.903333333333332,4.065,5.3,3.8,3.880065476190476,3.570000000000001,3.8843138934432697,3.874196029853662,4.242940906798141,3.983309766611123,5.2207083333333335,5.2458333333333345,5.5538273884999825,5.797770085018632,6.749713407479327,6.777258471008707,10.712000000000002,10.712,10.46031637892752,10.658865366407648,11.034488457782683,10.684651080276058,8.65934375,8.659343750000001,8.122118295189736,7.805955674132216,8.790472310737796,8.356368773460828,5.905,6.835833333333333,6.242534849328065,6.791084723489374,6.777084292156812,5.633627705374742,6.354166666666667,5.410000000000003,5.274122414257681,5.371312673097543,5.290752342055149,4.679863878573896,18.65375,12.883749999999994,16.742490381245954,16.43979144530062,20.798943740892994,31.807614444639004,2.86375,2.6225,2.6950493811816294,3.4109308716037825,3.1441857182789636,3.3009268090668575,5.83,6.659999999999998,6.0084022358295925,6.6508953652058995,6.772007913951281,6.0242390920343425,9.39875,8.777499999999993,7.425360076084491,7.530460840673626,8.31157756688225,8.904062551460521,8.12,7.076874999999999,6.98199993939568,6.766351585618487,6.121704548131426,5.996895326731808,5.975625,5.504999999999998,6.012266194293574,5.840499404730365,6.389374747393359,6.089438932331698,6.671249999999999,5.742499999999996,6.318704003680908,6.300262512512407,7.065743790568871,6.44471916400138,3.349791666666667,2.3970833333333337,2.827132152546276,5.02890970973612,3.1901505081261536,3.7057018115444356,5.005000000000001,5.711666666666668,5.411087595286572,5.2380965856196635,6.387036723673744,5.893811749953063,3.783958333333333,3.539722222222222,3.340618536092441,3.201616258648315,4.554317409138007,4.16691596616722
2003-05-31,PREMON,5.257999999999999,6.531999999999999,12.569666666666668,13.357000000000001,7.57,11.6,31.67,4.23,8.82,20.72,10.34,7.69,8.52,6.7125,5.32,7.81,3.658279761904762,4.0070000000000014,4.433788336065962,4.641420007833634,5.578308955198295,5.077359843560748,4.789874999999999,5.300083333333334,5.945096433099989,6.389750176298195,8.316312641315713,7.78993392107124,10.712,10.712,11.304056494023179,10.899986501054556,12.79634281967148,12.413284968129213,8.65934375,8.659343750000001,10.21607097711384,8.47504440203757,13.500330156375925,11.644910175247178,5.2924999999999995,6.350833333333333,6.773520909596839,7.231231546844024,10.034437820243403,9.846730978927054,5.919166666666667,6.637500000000002,7.804473448554608,5.385091069356406,8.298077401433705,8.324006515758066,17.71625,19.591249999999995,22.71349422874757,19.962148411932365,29.88754214420966,27.601749533963158,2.8150000000000004,2.8200000000000003,3.309029628708978,3.4450922297664,4.541306859119583,3.8628607250928146,5.338333333333333,6.229999999999999,7.133041341497756,7.207899310759175,9.37157350871911,9.927314690749917,8.72125,9.598749999999992,12.743216045650694,17.26307659906654,14.663959242012552,12.015264142408148,8.885625,7.729374999999998,8.32519996363741,7.752874213548714,10.163686568717203,9.400008572790682,5.796875,5.972499999999998,6.6833597165761445,5.87520496388114,8.090465129507086,8.638799055885718,6.673854166666667,6.789999999999996,7.1992224022085445,6.972509897812032,8.145855120398759,7.074770974846484,3.265625,3.387708333333334,4.381279291527766,11.179910443644923,5.556275199591163,4.809230758127645,4.7212499999999995,5.146666666666668,5.3746525571719435,5.251898352576641,7.264812947774609,6.746905331614838,3.697916666666667,3.88,5.128371121655465,6.912098480150934,6.222567367954626,5.434062535395506
2003-08-31,MONSOON,1.2928571428571431,1.5750000000000002,10.151666666666667,5.986875,2.65,2.216666666666667,6.2,1.3,1.9,1.95,9.7,2.95,4.66,0.6,3.733333333333333,0.8166666666666668,3.501345238095238,3.753130952380954,3.1774158587824344,3.580906993610514,2.545462538105883,2.428823312741578,4.296333333333333,5.141333333333334,4.197057859859994,4.413627558466816,2.5346896395676497,2.72886456478685,10.712,10.712,10.843100563080574,10.811864984893367,10.063023449159493,10.138876434342617,8.464911931818182,8.659343750000001,8.524392586268306,8.168572590893778,6.1314032792019715,6.615959501527722,5.088333333333334,5.4591666666666665,5.124112545758104,6.208672152429155,3.9425546836337846,3.6800758217630087,5.663333333333333,6.070833333333335,5.569350735799431,5.398904749820992,5.169089254485162,5.4030711094717585,16.575625000000002,17.716249999999995,16.108096537248542,16.809517735935987,10.719239574482454,12.593871311799699,2.74125,2.9075000000000006,2.5054177772253867,3.4795957122630496,1.5146044076978367,2.049720033501766,5.496666666666667,5.429999999999998,5.039824804898653,6.243754548434175,3.3978797885090195,3.3965427489152513,8.214374999999999,9.198749999999993,8.425929627390415,10.311768848282025,8.069040700699544,7.771549653499708,9.4165625,8.510625,8.875119978182445,8.301425006221676,7.792413284748058,7.338154905004273,5.3774999999999995,5.978749999999998,5.190015829945686,5.91011671447943,3.6659685689982937,3.6550138130847687,6.926041666666667,6.552499999999996,6.183533441325126,6.257385685298811,5.717739280630406,6.05912112179119,3.0525,3.311875000000001,2.8687675749166592,5.138287654583873,1.2963624846430566,2.2105240455375927,4.6125,4.863333333333335,4.718124867636499,5.23123576532925,3.2000696536785225,2.9103130112555617,3.925833333333333,3.6879166666666663,3.4036893396599455,4.144302365032971,2.7331930154432613,2.6424360608558386
2003-11-30,POMKH,2.9028571428571426,3.0883333333333334,9.336666666666668,6.6435,3.35,3.2533333333333334,6.72,2.535,3.766666666666667,4.255,8.95,4.045,7.0975,1.5,3.963333333333333,2.405,3.420404761904762,3.563428571428574,3.0675923724123173,3.3003805672196656,3.1607224306168273,2.910505070242655,4.3465,4.438416666666667,3.7535680492493295,3.684814792794354,3.2818523160177016,3.1673326439147007,10.712,10.712,10.240527004515013,10.633679579048637,9.171344842004157,9.336324278806014,8.270480113636363,8.659343750000001,7.772035551760984,7.979096860026957,6.786816315710017,7.037657701982361,5.128333333333333,5.1258333333333335,4.414467527454862,5.455722202401632,3.0986446181551326,2.7908397217580414,5.163333333333334,5.767500000000002,4.642943774812992,5.412753871300546,3.9246031668598356,2.719674340774268,12.08125,17.716249999999995,12.352857922349125,14.080847400507738,8.225939006008797,8.76629280893627,3.0250000000000004,2.7225000000000006,2.517250666335232,3.514444760320167,2.125611685352755,2.2096906799431366,5.900416666666667,5.246666666666664,4.530561549605858,5.716065395190228,4.223845755679574,3.144123261791741,7.5718749999999995,8.243749999999995,6.757557776434249,6.955666694441843,5.742832144938442,4.854189066495273,9.524375000000001,9.260625,8.905071986909466,8.499667665154199,7.766769177432779,7.576509760736025,5.385,5.614999999999998,4.732009497967412,5.945235926602513,4.043837626183691,3.775410487951829,7.157187499999999,6.7952083333333295,6.549120064795076,6.507585260510903,5.119826317346741,5.857377348225901,2.9465625,3.219375000000001,2.321260544949996,2.3283610830120534,1.7481642669409223,1.6890176078620738,4.91,4.5791666666666675,4.416208253915233,5.215928412633848,4.038529568898059,4.253297573110649,4.087083333333334,3.7079166666666667,3.004213603795967,3.097059342326605,3.0271154283517743,2.509355732111893
2004-02-29,POMRB,4.303333333333334,5.421666666666668,10.79,7.094545454545454,6.633333333333333,5.166666666666667,17.15,2.975,8.5,5.815,9.3,5.875,7.95,2.73,5.566666666666666,5.543333333333334,3.560706845238095,3.4392619047619073,3.561888756780724,3.653213536959776,4.306735512775649,3.9162649250159753,4.592864583333333,4.15425,4.4208074962162645,4.3001118462598775,5.536385803626517,5.419240140524416,10.712000000000002,10.712,10.460316202709008,10.65749019908474,11.034488457983924,10.695910808731854,8.270480113636363,8.270480113636365,7.501039512874772,7.86742316639383,8.792957007140869,8.410784563898776,5.333958333333333,5.050833333333333,5.302013849806251,5.689768345264759,5.163872857022175,5.19832162716763,4.874791666666667,5.559166666666669,4.852432931554462,5.42663853028521,5.43168512370613,4.450875929494442,9.19625,15.434999999999997,14.271714753409475,14.25712590737314,22.765747832236187,11.30628027007392,3.3509375,2.7600000000000007,2.700350399801139,3.549642832046947,3.088026633096963,2.837711597972497,6.202604166666666,5.746666666666664,6.118336929763515,6.2290313251577505,6.844047254432659,5.747977602636569,7.06390625,8.184999999999995,6.38053466586055,5.872385604260235,7.031181844467611,4.915095560499264,9.4859375,9.5725,9.063043192145681,8.739561815220735,9.164797273748185,8.546832111142777,5.633125000000001,5.139999999999999,5.189205698780447,5.980563838679928,6.567284722148706,5.7182003830090915,7.280000000000001,7.056874999999997,7.109472038877046,6.941784974045924,7.658751086990503,7.079047335783458,3.0741666666666667,2.885625000000001,2.4847563269699977,2.2621855313960952,3.775346550646234,3.3931321333200044,5.174687499999999,4.645833333333334,4.876391619015806,5.235473634379817,5.280504518762143,5.216859811561203,4.081510416666667,4.14375,4.019861495610914,4.673048301352685,4.65331982955886,4.037409897849292
2004-05-31,PREMON,5.107142857142857,8.07,12.569666666666668,13.357000000000001,8.19,8.433333333333334,4.84,6.35,10.05,15.815,9.955,9.65,9.3225,7.2,7.433333333333334,7.3566666666666665,3.7463690476190474,3.401547619047622,4.179990396925577,4.318246363380091,5.642024900811464,4.958890652990248,4.763333333333334,4.53875,5.880484497729759,6.1721128860238474,7.13560423741939,7.064065255367052,10.712,10.712,11.304056388292071,10.898781078658653,12.796342819715273,12.43059541579202,8.270480113636363,8.270480113636365,9.843423707724863,8.529021911593084,13.368803874124211,11.610364374757602,5.505520833333334,5.205833333333333,6.45720830988375,6.3577703055045065,9.075166783357332,9.34244908711248,4.9740625,4.767500000000002,6.2847930922660105,5.440558826545527,8.165272997369627,8.617586365882262,9.567395833333332,8.727499999999996,10.499028852045685,11.535082073156211,30.27126310202508,3.0767603423455565,3.4056249999999997,3.29,4.1602102398806835,3.5851934334083797,4.556467183067013,3.9585848474529977,6.348958333333333,6.054166666666665,7.69100215785811,7.06872309819751,9.443612849200672,10.200181838881624,7.25890625,6.958749999999995,10.15432079951633,12.673530249895187,13.743331908530653,14.104039437643875,9.2175,9.47625,9.419825915287408,9.092565631773319,12.020025261437029,10.410487402333967,5.6553125,5.629999999999998,6.973523419268268,6.0161017057993895,7.953512956999798,7.704557607563874,6.9503125,7.257499999999998,7.994683223326227,7.662582801837309,8.91122199420545,7.967947627537785,3.2095833333333332,3.0075000000000007,4.370853796181999,8.818924122250499,6.0451724289339275,4.665540340256236,5.19625,5.174166666666667,5.899168304742817,5.294876130307768,6.74887247951038,6.7124797674224705,4.1301041666666665,4.0304166666666665,5.354583564033215,7.368020204101018,6.321569788453042,6.628155837595437
2004-08-31,MONSOON,2.5661309523809517,2.0079166666666666,10.151666666666667,5.986875,3.675,3.075,9.95,1.7875,3.0875,2.79125,9.7775,2.975,4.84,1.1333333333333335,3.7375,1.2254166666666668,3.9247767857142857,3.7198660714285743,3.534446619107727,3.7934845571931075,2.6091474011961506,2.183703709729103,5.266770833333333,4.646979166666667,4.331457365304522,4.5783251150709825,2.5107906419963086,3.2834030244198686,10.712,10.712,10.84310049964191,10.810808354817636,10.06302344912783,10.138770040155826,8.270480113636363,8.270480113636365,8.300804224634918,8.215972792701507,6.010012523773258,6.583124153359215,5.702291666666666,5.462083333333333,5.34432498593025,5.703476159876788,3.7697138466287923,3.822155435985195,5.0981250000000005,4.982083333333335,5.000875855359606,5.454514796618849,4.183867933463356,3.520526940975066,8.910505952380952,9.664999999999996,10.27941731122741,10.462434294711796,7.909630358645888,15.075583030196405,3.558125,3.4118749999999998,3.21112614392841,3.621100066942206,2.257920475479294,2.9455214327368084,6.449375,6.351041666666665,5.849601294714866,6.3692795900974835,3.4699191289906928,2.994641847892267,7.478125,7.169062499999995,7.209092479709798,8.072603041778445,5.7772088516341285,4.0646007096654495,9.208125,9.495625,9.562895549172445,9.302806112560994,8.893638367238802,8.11861160634171,6.182499999999999,5.636249999999999,5.374114051560961,6.0518506952478415,3.8467639754342824,4.366164797662757,6.6540625,7.3024999999999975,6.732809933995736,6.790648659846731,6.497214206339207,6.713958344320189,3.5245833333333327,3.140833333333334,3.0758456110425327,4.239270034262043,0.9930909283391465,1.730915352506992,5.195625,5.175208333333334,5.034500982845691,5.273475775909515,3.8149394542363453,4.132135111532369,4.1146875000000005,4.132604166666667,3.7029168050865953,4.492512558411964,2.83219543587997,2.027980319785546
2004-11-30,POMKH,3.1148809523809526,4.019166666666666,9.336666666666668,6.6435,3.6975,3.189166666666667,5.939166666666666,2.4850000000000003,3.75,4.97375,6.725,4.1975,4.28,2.05,4.131666666666666,2.385,4.30936011904762,3.772872023809527,3.366620352417017,3.541984952338653,3.2245755483073704,3.271946454552938,5.7090625,4.8796875,4.20654108584938,4.318517350899297,3.452328212290824,3.3464869288496333,10.712,10.712,10.240526966451814,10.632753374988772,9.171344841935985,9.334384551513846,8.322105113636363,8.270480113636365,7.637882534780951,8.020721217095577,6.676677075635363,7.006699150570982,6.141041666666666,5.548958333333333,4.685594991558149,5.119755754463694,3.522293039341702,3.363833214095952,5.322291666666667,4.966041666666668,4.276192179882431,5.468506566834382,3.4573609228361604,3.1567391924930375,9.75174107142857,9.469791666666662,8.543317053403113,8.712580472967932,6.470013483560578,8.816906583045599,3.7106250000000003,3.399375,2.920675686357046,3.657366317046922,2.780429830698483,2.5180733989772506,6.364375000000001,6.346874999999999,5.009760776828919,5.835047607701928,4.295885096161354,3.827636299290753,6.975625000000001,7.348749999999995,6.314955487825879,6.290552801668633,4.529236780934094,4.09604571263406,9.592499999999998,8.939375000000002,8.427737329503467,8.629691287061345,8.2424915459491,8.268332545600678,6.765625,5.674374999999998,4.903468430936576,6.087812122253765,4.201025620941968,3.8227355991029643,6.923125000000001,6.598124999999997,5.751685960397442,6.015102631311465,5.67154171329047,6.521932686346997,3.9583333333333335,3.278333333333334,2.6655073666255196,2.425097987817555,1.7308708122954153,1.9232443488710649,5.255208333333334,5.217291666666668,4.673367256374081,5.2609832668608005,4.390745333827649,4.218548698624839,4.1040625,4.127604166666666,3.175750083051957,3.1503650767171467,3.1261178488142902,2.619710851762943
2005-02-28,POMRB,5.51857142857143,8.518333333333333,10.79,7.094545454545454,7.8599999999999985,6.223333333333334,12.675714285714285,4.245,9.32,6.85,11.45,9.94,8.3975,4.7,5.3933333333333335,5.44,4.726480654761905,4.07668154761905,4.227400782878782,4.352302109531156,4.370609439337349,4.0467686208566676,5.790364583333333,5.653854166666667,5.931257984842961,6.437384401585741,6.030393504231576,5.84755068058176,10.712000000000002,10.712,10.460316179871088,10.656678321796543,11.03448845789776,10.70490473517722,9.075370738636364,8.270480113636365,7.420547702686752,7.9039754812637915,7.4193104874407325,7.300225450165151,6.379583333333333,5.855625,5.955356994934889,5.764734492703695,5.549601620051992,5.572979131632104,5.421666666666666,5.2302083333333345,5.0550486412627915,5.482534247604603,5.077694046396758,4.552605360385976,10.683511904761906,8.351220238095234,10.196275946327582,8.922585046135428,19.897791566522457,17.287672028479946,3.6653125000000006,3.7168750000000004,3.450405411814228,3.693995789140567,3.4990174754754504,2.8606001386174236,6.1284375,6.551874999999999,6.733856466097352,6.520709016283344,6.916086594914429,6.631820076678065,6.25109375,7.607499999999994,6.528973292695527,6.3822585418403435,6.482594729076414,6.2257761876546684,9.7178125,9.476875000000003,9.63664239770208,9.417180687445352,8.150177919567906,7.55371855502846,6.7625,6.690624999999997,6.918081058561945,6.123987283904051,6.723762353072882,5.8044880952195586,7.49375,6.709999999999998,6.810011576238465,6.737427059729611,6.930394737854857,6.44203459031149,4.141666666666667,3.770833333333334,3.479304419975312,4.505348048155198,3.4812334075770397,3.3431601708506937,5.215104166666666,5.173958333333335,4.961353687157782,5.275924937993132,5.553635275279166,5.345637059251293,4.109427083333333,4.101770833333333,4.081450049831174,4.440831118197055,4.752322250037825,4.501081884966074
2005-05-31,PREMON,6.968571428571429,8.511666666666667,12.569666666666668,13.77,10.473333333333334,9.17,16.044166666666666,6.3000000000000025,8.55,10.760000000000002,10.88,10.25,11.0275,8.7,8.083333333333334,7.375,4.8646875,4.542038690476193,5.323869041155841,5.734149753880952,5.70605667236036,5.334941822774167,5.746354166666666,5.764270833333334,6.963421457572444,8.098311529502322,8.7370423521021,8.658247270075483,10.712,10.712,11.30405637458932,10.89806941612158,12.796342819620838,12.444353178491298,10.152823863636364,8.373730113636366,9.960328621612051,8.611219036157925,13.491709745691894,11.642510308618794,6.283020833333333,6.4264583333333345,7.762547530294267,7.137628824696282,9.879657715038398,9.755554207157854,5.3053125,5.414375000000001,6.701029184757675,5.496597930489402,8.20763100274327,8.978978121702566,10.214761904761904,11.1522619047619,12.535432234463215,10.084872602308385,22.01789833739083,25.085157714969426,3.5550000000000006,3.704375000000001,4.590243247088538,3.7309921220297597,5.264626717812543,4.997118802725659,6.03,6.176874999999998,7.460313879658411,7.017823486858888,9.515652189682513,10.68696594301252,5.94921875,6.343749999999995,8.221383975617318,9.25055332652699,13.739729408079683,13.206142426902158,9.449375,9.708125000000004,10.133985438621249,9.839043177102818,12.116805148461223,11.481347933153412,6.6003125,6.8406249999999975,8.250848635137167,6.160377408505633,8.702242302724702,9.681010653764822,8.11,7.136249999999999,8.49700694574308,8.042614594506595,8.629610750941316,7.806931497062049,4.137499999999999,4.145833333333334,5.567582651985187,11.446540283392409,6.947053459020701,6.8835283530244045,4.977291666666667,5.3364583333333355,6.210145545628003,5.348558435254582,6.829985890582863,6.699345607008873,4.135,4.106354166666667,5.3988700298987045,7.020625896728402,6.420572208928148,6.758801790039785
2005-08-31,MONSOON,4.041666666666666,2.2166666666666663,10.151666666666667,11.6,3.3000000000000003,3.1333333333333333,6.2,1.475,2.7,2.05,9.855,2.35,7.7,1.1,2.766666666666667,1.25,4.606964285714286,4.910922619047621,4.810988091360171,5.58814226628556,2.6734277009438667,2.816588714201533,5.404791666666666,5.816458333333333,5.064719541210133,6.063076416322622,3.618746440451228,3.3699727758719966,10.712,10.712,10.843100491420259,10.810184536940186,10.063023449029677,10.138911620618478,10.528636363636362,9.777011363636367,10.61619717296723,8.969051988354762,6.148159817533951,6.636142663584312,6.0062500000000005,6.3327083333333345,5.97752851817656,6.3443660072826,5.310624493246814,4.905247900106765,4.869166666666667,5.428958333333334,5.273950844187938,5.510697650682039,4.4213041582799555,3.7257404605557083,10.214761904761904,10.2147619047619,10.00125934067793,8.814251593553623,7.877315872952469,3.695786013648549,3.278125000000001,3.626250000000001,3.3441459482531233,3.7683589655310565,2.7037995958874,2.7915619263103517,5.57875,6.079999999999998,5.556188327795047,6.229996482141585,3.541958469472382,2.68856271058375,5.599375000000001,6.1584374999999945,5.752830385370391,5.4170411767022415,4.035189882364854,2.6524082855744573,8.6775,9.727500000000003,10.02239126317275,9.870073750233178,9.93408160696961,9.367183078364967,6.273124999999999,6.6843749999999975,5.890509181082301,6.196983710318505,4.572956617583552,4.559980870090142,8.145937499999999,7.851249999999999,8.178204167445848,7.929009808486678,6.97037955705917,7.032886747952197,4.3125,4.137500000000001,3.7805495911911122,5.025014977484527,1.5286860125827415,1.894141802363559,4.788333333333334,5.093750000000002,4.832753994043468,5.305199299371821,4.140722246593922,4.43369191383157,3.9775,4.1125,3.7393220179392226,4.210064010979922,2.9311978563181147,1.8908962570904748
2005-11-30,POMKH,2.745,3.458333333333333,9.336666666666668,9.65,3.2999999999999994,2.2,5.939166666666666,1.915,3.35,3.3,4.5,3.525,6.35,2.05,3.2,2.5650000000000004,4.326011904761905,4.818452380952383,3.9845928548161025,4.784962457637728,3.2890503049107673,3.6973893454086673,5.044791666666667,5.67625,4.422165058059413,5.0354670049204175,4.177672280759717,3.5514917640285306,10.712,10.712,10.240526961518823,10.632206558592019,9.171344841835833,9.333141943967888,10.524261363636363,10.528636363636366,10.229718303780338,9.046737996418887,7.269334245265165,7.366262333520022,5.68875,6.233333333333334,4.906517110905936,5.592196802498958,4.109136931494389,3.242056696730517,4.379166666666666,5.181666666666667,4.044370506512763,5.52483353309525,3.6444750429414485,3.177758162299825,10.214761904761906,10.2147619047619,8.376422271073423,7.695030370158997,5.5227257379431,8.59153627895006,2.9225000000000003,3.4837500000000015,2.772487568951874,3.8061000490659453,2.9639525737709995,2.4024947517535593,5.358750000000001,5.979999999999999,4.673712996677028,5.6165247887300875,4.367924436643002,3.5113589637589464,5.121875,5.739999999999995,4.771698231222235,3.8556183065141085,3.1316280976910083,4.2244384047487005,7.961250000000001,9.171250000000002,7.81343475790365,8.442030997163663,8.376015855916098,8.0078637817783,5.7143749999999995,6.516249999999998,4.94430550864938,6.233807543657731,4.722474351257176,3.7010231436481136,7.760520833333333,8.368749999999999,7.446922500467509,7.437254925490258,7.051541218462541,7.70677242603811,4.25625,4.137500000000001,3.088329754714667,2.458432203228948,2.278769788198998,2.0486053762761136,4.6345833333333335,4.860833333333336,4.179652396426081,5.2720150320776265,4.15887345104739,3.6942475318627452,3.6550000000000002,4.157500000000001,3.2695932107635337,3.07373285603926,3.2251202692616725,2.5813648038799757
2006-02-28,POMRB,3.826666666666666,6.346666666666668,10.79,7.094545454545454,6.043333333333334,3.723333333333333,12.675714285714285,2.6,6.11,5.7250000000000005,7.5,7.994999999999999,6.6149999999999975,6.1,4.8133333333333335,4.0,4.0790476190476195,4.3954761904761925,3.9214223795563283,4.4814735302483655,4.435026382498916,4.23103957203249,4.932916666666667,5.133333333333333,5.1919657015023155,5.653769138520706,6.208469570627511,5.919670399888947,10.712000000000002,10.712,10.460316176911293,10.65619900213841,11.034488457796213,10.712264421517272,10.094886363636364,10.528636363636366,8.975649164086384,8.804969298846718,7.977318492607776,7.805692285879387,5.5024999999999995,5.779166666666668,5.361243599876895,5.668014175474469,5.646271409184208,5.710257340591165,4.118333333333333,4.556666666666667,3.915955637240991,5.539005686122253,4.93431140870824,4.4655161358479925,10.456168154761905,10.2147619047619,10.096139076929768,8.431311217753647,17.19946887256345,15.453831165319647,3.01625,3.0725000000000016,2.7034925413711246,3.8442191216123374,3.4218638741453304,2.855820288700546,5.53375,5.177499999999998,5.2482277980062175,5.627891721088699,6.9881259353960345,6.88030107019725,4.980625000000001,5.458749999999995,5.153018938733341,4.534066950120951,4.989953213271457,5.496448301547523,7.916666666666668,8.183750000000003,7.68806085474219,8.209735982228269,8.043895754630004,7.513432704520037,5.564375,6.029999999999998,6.164583305189629,6.270850226465219,7.064294072780519,6.079961450214851,7.377291666666666,7.923124999999997,7.114153500280504,7.177565577246084,8.572547306510199,8.238534482321164,4.1,4.487500000000002,4.2929978528288,5.915370625556561,4.351940930525927,3.872888735182328,4.655416666666667,4.715833333333335,4.433124771188982,5.274243112041054,5.020792407267843,4.859420959951205,3.5125,3.7975000000000003,3.5617559264581202,3.3596805157583214,4.851324670506261,4.823975573097391
2006-05-31,PREMON,6.412857142857143,7.803333333333333,12.569666666666668,13.735,9.75,7.75,16.044166666666666,5.1,10.0,8.065,9.1,7.725,9.726666666666668,6.85,7.433333333333334,6.234999999999999,3.9521726190476185,4.256547619047621,4.917996284876654,5.309170302387961,5.770231776639921,5.1559576171592605,4.931041666666667,4.95625,6.236512754234722,6.8621311532767155,7.915303766672411,7.630362032698583,10.712,10.712,11.304056372813445,10.89764926168576,12.796342819519001,12.45555686876522,9.574886363636363,10.519886363636367,10.879389498451829,9.398178621336996,14.49614604158838,12.407250837902719,5.42625,5.5983333333333345,7.116746159926137,6.806135259342619,9.023542619806639,8.985646389340666,4.114583333333334,4.201666666666666,5.449573382344594,5.55321421873124,7.402115304244421,8.003677590349254,10.697574404761903,10.2147619047619,12.475350112824527,10.062853782815315,19.75752887652242,5.43900207427328,3.2975,2.7725000000000013,3.662095524822675,3.8827199752603834,4.645086742236419,4.422424559442712,5.5337499999999995,5.539999999999998,7.1489366788037305,6.489523453112634,9.587691530163806,8.634700267569244,5.296875,4.784999999999994,6.317811363240004,6.7435520392183905,12.37361012018226,11.397435144310206,8.373333333333335,7.738750000000003,8.252836512845313,8.473206986151398,9.325480368268556,8.892644133655315,5.754375,5.398749999999998,6.788749983113776,6.308113022763324,8.696451306989198,8.987020437595401,7.188229166666667,7.597916666666664,8.15915876683497,7.949623529073388,8.970629235063077,8.402003438259793,4.175,4.025000000000001,5.31579871169728,8.597235028468853,8.105833916619392,8.070162439811806,4.890416666666667,4.553333333333335,5.6332081960467235,5.332899068064858,6.276861465473971,6.529599380151384,3.4725,3.5125,4.631053555874872,5.38350893193322,6.519574629356247,6.462860045601911
2006-08-31,MONSOON,2.6216666666666666,2.03,10.151666666666667,8.2,2.533333333333333,2.466666666666667,8.13125,3.425,2.65,3.615,11.278333333333334,3.675,5.9350000000000005,1.7,3.583333333333333,1.25,4.061071428571428,3.9015476190476206,3.999464437592659,4.416488181655071,2.7375175582874753,2.9035685364643475,4.826458333333333,4.909583333333334,4.5539076525408335,4.929182270062587,2.8452617472112527,2.9126288686562942,10.712,10.712,10.843100490354734,10.809816244618053,10.063023448927972,10.13918324145321,9.870568181818182,9.669886363636367,9.807633699071097,9.247682666405279,11.299198639356451,10.971826860397744,5.4435416666666665,5.406666666666667,5.283381029289016,5.811264935285292,4.520630782182461,4.35036165598864,4.3225,4.035,4.256410696073424,5.567459165005256,3.4431382968566684,3.0523392702315646,10.697574404761905,10.6975744047619,10.737710067694715,9.601563050466886,6.840231916996968,12.06093071191126,3.375625,3.260000000000001,3.567257314893605,3.9216064188458843,1.8834532082450663,2.0055665826595925,5.813750000000001,5.527499999999998,5.349362007282238,5.749498807983308,3.61399780995381,3.274957440131902,5.756875,5.176249999999993,5.236686817944003,5.187115104725339,2.2117420798876775,1.5185080799191382,8.221458333333334,8.094583333333336,9.463035241040522,9.256158483468337,7.842569952836241,8.512353327672264,5.636875,5.729999999999998,5.543249989868265,6.34559721146334,4.185434186836734,3.275927023813125,7.296354166666666,7.156666666666664,7.269495260100982,7.324570460265251,6.687606483163508,6.813788960322946,3.9999999999999996,4.175000000000001,3.8694792270183678,3.8110369769304286,1.4154032756983916,1.3421524454482219,5.176666666666666,4.757500000000001,4.8132582509613675,5.307443681911086,3.5459331230897413,3.9234478360507317,3.395625,3.5125,3.278632133524923,3.2328201675405586,3.03020027667634,1.460971428487321
2006-11-30,POMKH,3.15,3.63,9.336666666666668,8.89,3.4566666666666666,2.8366666666666664,5.939166666666666,2.215,3.4,4.265,6.73,3.72,6.6025,2.05,4.263333333333333,2.245,3.975238095238095,4.00279761904762,3.6596786625555957,3.8631987840915527,3.352932600543408,3.138870055732354,4.749375000000001,4.952500000000001,4.1843445915245,4.25048809122739,3.6538784377721725,3.449702292202206,10.712,10.712,10.240526960879507,10.631883726740254,9.171344841733974,9.332335472251913,10.265625,9.479886363636368,9.440580219442658,9.199225247220234,9.183969590870264,9.463511361037376,5.298333333333334,5.445833333333334,4.552695284240077,5.156679662256717,3.3307593972235043,2.888551753122319,4.433333333333333,4.194166666666667,3.6885130843107206,5.581740654321942,2.753830354244025,2.724881218810594,10.697574404761903,10.6975744047619,8.818292707283495,8.632124110605591,5.1747667448078705,7.610789880848143,3.6412499999999994,3.335000000000001,3.0263543889361633,3.9608823157987803,3.1019896951099946,3.2406342668590096,6.15,5.539999999999997,4.569617204369343,5.211895466027537,4.439963777124418,3.44693739312165,6.96875,5.417499999999993,4.848012090766401,4.562496832682432,2.474299861942562,4.381037279561587,7.994583333333333,8.652083333333337,8.369821144624314,8.596909162974333,7.268279270215583,7.8673499076316835,5.5756250000000005,5.778749999999998,4.813949993920959,6.38330413959753,4.594447517687618,4.228356236086878,7.533083333333334,7.219791666666664,7.002697156060589,7.095655516311968,6.20562314344418,6.772902010283367,3.940625,4.175000000000001,3.1416875362110206,1.978131674592189,2.33141026104643,2.3631419060811507,5.417916666666667,5.023333333333334,4.593288283910153,5.297134999522045,4.17112977813494,4.079401494033389,3.445,3.4325,2.865179280114954,2.430460400107702,3.3241226896304754,2.578646246047482
2007-02-28,POMRB,4.292857142857144,5.338333333333334,10.79,10.22,6.025,4.75,12.675714285714285,2.925,8.3,8.44,4.055,6.859999999999999,7.227500000000001,4.7,6.04,3.705,3.9359226190476195,4.1193452380952404,3.912950054676215,3.8888673849224835,4.4989555823864675,4.282022691976026,5.356666666666667,4.700416666666667,4.645940088248033,4.59369898038625,5.980593913710476,6.042671782707094,10.712000000000002,10.712,10.460316176527703,10.655916019305884,11.034488457693849,10.718403125559467,10.695,10.261250000000004,9.752348131665595,9.318007647254726,6.994839874928985,7.655384184038263,5.935625,5.441250000000001,5.1416171705440465,5.286478574067487,5.333518191760955,5.827354696738325,5.055416666666666,4.450833333333334,4.113107850586433,5.596058790240125,4.472791684751643,4.568136495348405,10.697574404761903,10.6975744047619,10.361261338655812,9.462796574374773,15.55265222053064,7.557478986396818,3.913125,3.416250000000001,2.985812633361698,4.000551573399873,3.6159310114366017,2.96378365240939,6.5,6.087499999999998,6.061770322621606,5.754898635950655,7.0601652758774485,6.1128242823333725,9.09,6.096249999999992,6.284807254459841,7.112095201016317,4.890942180455969,5.863921515460276,8.282291666666667,7.790833333333337,6.643892686774588,7.389772839486138,9.155269218148966,8.728327733162484,5.884375,5.494999999999997,5.632369996352574,6.421235154517254,6.9852149432397415,6.375038265898832,8.197375,7.372916666666664,7.092618293636354,7.128245144059291,8.14395308195457,7.694110935310764,4.01875,3.8250000000000006,3.7650125217266126,4.197317780170229,5.243770219230697,5.229775063588274,5.7475,5.330000000000001,5.171972970346092,5.325318618178473,5.485100807043511,5.418626439457966,3.659375,3.3587500000000006,3.2011075680689727,2.9810012926473797,4.95032709086062,4.404225588383728
2007-05-31,PREMON,5.26,8.195,12.569666666666668,13.77,8.606666666666667,7.6099999999999985,16.044166666666666,6.9,10.5,15.045,10.73,8.370000000000001,11.008,7.774999999999999,8.136666666666667,6.925,4.027172619047619,3.8311309523809545,4.4517700328057295,4.350735214676996,5.834218391900766,5.509516152770621,6.182142857142857,4.798333333333334,6.065564052948821,6.337974464559144,7.3553436611056435,7.159825270803704,10.712,10.712,11.30405637258329,10.897401209075507,12.796342819416772,12.464860167954157,11.215000000000002,10.270000000000003,11.359408878999357,9.852947500151947,13.960405770259502,12.41303006633247,7.105416666666666,5.155416666666667,6.527636968993095,6.154283843087589,8.85740178414227,9.071047252071931,5.956666666666666,4.4158333333333335,5.511864710351859,5.610413672787869,7.358727698686772,8.341790628709441,10.697574404761903,10.697574404761898,12.634423469860153,11.158450753086218,18.398083873195844,13.821645464975857,4.1156250000000005,3.8662500000000013,4.551487580017019,4.040618142830077,4.884449261645123,4.6857035414546875,7.13125,6.212499999999999,7.837062193572963,6.771851118206102,9.659730870645422,10.41554696436178,10.833749999999998,7.841249999999993,9.788884352675904,14.416096264161812,13.243028739422247,11.977501498218103,8.37375,8.198333333333336,8.278335612064755,8.314750349557595,8.308944980816594,6.850971858954137,6.231875,5.656249999999998,6.727421997811545,6.459391575267282,8.45737029254847,8.375973100628482,9.0161875,7.693249999999997,8.658770976181813,8.307469429113045,8.937579712814403,8.459458093687394,4.176875,4.05625,5.369007513035967,9.822658562229114,7.454939867706429,6.902573791786891,6.047500000000001,5.505833333333334,6.357850448874322,5.398150529715985,7.069048444412524,7.262531078606376,3.9475000000000002,3.531250000000001,4.690664540841384,6.178510657034976,6.618577049706818,6.19160861474337
2007-08-31,MONSOON,3.46,6.496666666666666,10.151666666666667,11.6,8.775,7.583333333333332,8.13125,3.8,4.95,13.605,11.95,5.5,9.968,1.4,5.516666666666668,2.275,4.002023809523809,4.040714285714288,4.0550620196834375,4.013003323112626,2.80133525539399,2.544847527345923,6.79860119047619,5.915,6.238005098435959,6.799635990431174,2.690218476330637,2.999195514427627,10.712,10.712,10.84310049021664,10.809598810588914,10.06302344882607,10.139520155750972,11.309999999999999,11.120000000000005,11.455645327399614,10.059472429542122,8.898043854610258,8.639843697191786,7.8793750000000005,6.715833333333334,7.426582181395856,7.014208857490312,3.867877025779533,3.5693940219597655,6.624583333333333,5.695,6.340452159544449,5.624805377859487,3.372605741269636,2.888340602254702,10.697574404761905,10.697574404761898,10.83315408191609,10.691771939244234,6.860476427925663,11.065698200910013,4.352500000000001,3.960000000000001,4.250892548010212,4.081085978189593,2.6627082237795716,3.1666481807442204,7.6875,6.787499999999999,6.6822373161437785,6.541973857021684,3.6860371504354656,3.2637080130805938,11.514375000000001,10.338749999999992,11.315330611605543,18.25429665110417,5.18409069173264,5.548919504133156,9.136875,8.36625,9.747001367238852,9.322164745526635,8.77435057190507,10.35709567608168,6.375,6.112499999999998,6.236453198686927,6.49777470759597,4.080316457592355,3.588893223380545,9.7039375,8.701499999999996,9.182462585709088,8.806436130052061,7.1539326783803165,7.211433686125506,4.7225,3.98125,3.7814045078215806,4.507283934627239,1.6008236527588693,1.991270365686856,6.290416666666667,5.9891666666666685,6.02137693599126,5.4131092199823865,4.29990551355409,4.264659197326971,4.385000000000001,3.7875000000000005,3.7243987245048307,4.734322427690967,3.1292026970241213,1.6799332882586304
2007-11-30,POMKH,3.0416666666666665,5.767142857142857,9.336666666666668,9.65,6.573333333333332,4.93,5.939166666666666,3.46,6.15,8.225,6.789999999999999,4.675,9.12,3.615,4.73,3.525,4.1397916666666665,4.0136309523809555,3.6497038784767293,3.566636307683357,3.416856894012186,3.392117519081513,7.250505952380951,6.449285714285715,6.0496602019187184,6.701246365532863,5.465371012158073,5.609009353461458,10.712,10.712,10.24052696079665,10.631693131862097,9.17134484163202,9.3318114738296,11.30125,11.310000000000004,10.733387196439768,10.004287712831735,9.569135916590012,9.282509206953486,8.502916666666666,7.495,7.085282642170847,7.151797145140547,6.1112228071686445,5.9577216334852725,7.229583333333332,6.218333333333334,5.776271295726669,5.639233983198274,4.140732574883716,4.765597006328385,10.697574404761903,10.697574404761898,8.875559115816321,9.654364733868706,5.046509681255884,8.341244421477139,4.358750000000001,4.271250000000001,3.9345355288061272,4.121959108042641,3.7413952876900893,3.303024001354957,7.9750000000000005,7.475,6.4693423896862665,6.557717065893039,4.512003117606285,4.407040408985383,12.1125,11.328749999999992,10.079198366963325,15.776509209309834,7.861742662414946,9.030056625222272,10.18,8.381250000000001,8.564200820343311,8.661467408280522,7.339200797389104,8.116184620757698,6.53125,6.3512499999999985,5.611871919212156,6.536385914388492,4.78179722932413,4.961671145267956,10.2725,9.330874999999995,9.157477551425451,8.89275457778751,8.027041793405298,8.561009424023252,4.956875,4.3725,3.7148427046929484,3.6356999350738466,2.2200997457320377,2.20405024684448,6.496666666666668,6.105833333333336,5.504826161594756,5.410824264642392,5.432327191220676,5.119094386218158,4.749375000000001,4.1075,3.6446392347028986,4.289804727092145,3.423125110013833,2.772848024122355
2008-02-29,POMRB,4.2,8.132857142857143,10.79,10.22,9.1,8.0,12.675714285714285,3.575,10.0,9.925,10.1,7.05,10.212,7.5,7.5166666666666675,5.9250000000000025,4.268125,3.990416666666669,3.8698223270860375,3.6889319146325468,4.562856121698709,4.259831165555327,7.289940476190475,7.147916666666666,6.882938978294089,7.750624937744783,7.930650561294756,7.0413100402701305,10.712000000000002,10.712,10.46031617647799,10.655748950665693,11.034488457591435,10.723603730009984,10.4425,11.310000000000004,10.528032317863861,10.024971040935702,10.29202667110132,10.227350540696383,8.768125000000001,8.26375,7.891169585302508,7.968057674018318,8.28140086692623,7.359114939195368,7.307499999999999,7.030833333333334,6.665762777436002,5.653699619875474,6.058178140649491,5.418466045323726,10.697574404761903,10.697574404761898,10.395621183775507,10.39349058589451,14.464404946352271,13.28767506508825,4.25875,4.433750000000001,3.7907213172836762,4.1632415931298725,4.4648380930998135,3.6161814082373533,8.18125,7.8999999999999995,7.88160543381176,7.39909324838806,7.132204616359569,8.137406916271148,12.72125,11.699999999999992,10.017519020177996,14.277416649698429,9.787136752525491,8.495837802633801,10.4775,9.892500000000002,9.178520492205987,9.074698907359197,8.376043201124784,7.225584896479077,6.729375,6.398749999999998,6.1871231515272935,6.575226575505051,7.288885391134079,6.875022123862619,10.38425,10.076999999999996,9.57928653085527,9.286666253633785,10.229835105084664,9.739440200023061,4.87875,5.0725,5.228905622815769,7.976674315328922,5.209378462370104,5.412066217601404,6.624583333333335,6.475000000000003,6.30956236362352,5.468646376553375,6.404582753497432,5.717799916248428,5.023750000000001,4.662500000000001,4.5567835408217405,5.667033768423588,5.049329511275436,4.511793400995936
2008-05-31,PREMON,6.455000000000001,9.015714285714283,12.569666666666668,13.7,10.52,9.2,16.044166666666666,6.3000000000000025,11.1,18.345,13.03,9.43,12.572,6.85,8.31,7.619999999999999,4.32625,4.28916666666667,4.903893396251624,4.8024120131682055,5.898096733913211,5.440564638904718,7.319642857142857,7.3530952380952375,7.736049101262166,8.945485924781261,9.664720769484925,8.676083342192623,10.712,10.712,11.304056372553461,10.89725476269245,12.79634281931452,12.47270972548376,9.4025,11.292500000000004,11.796819390718316,10.465274139506837,14.183349466754969,12.694889290993768,8.807916666666667,8.742083333333333,8.942701751181506,9.108713887816236,11.8685851233878,10.503452253180484,7.218333333333334,7.428333333333335,7.679457666461601,5.668202370984468,9.411816582093055,9.472797427427393,10.697574404761903,10.697574404761898,12.65503937693197,11.981010158691596,17.499266161731537,22.192825165083185,4.263750000000001,4.283750000000001,4.794432790370207,4.204937542500247,5.664545719554659,5.422526991287775,8.280833333333332,8.049999999999999,9.168963260287057,8.449778738350231,9.7317702111277,10.87506289152535,13.426875,12.524999999999991,13.348511412106799,18.820894852342285,16.965275542990927,14.51065846574312,10.75125,10.467500000000001,10.71911229532359,10.170882949418324,12.19807129181436,11.58870220359789,7.107500000000001,6.663749999999998,7.484273890916376,6.614298054450878,8.74381645173977,8.514277207884046,10.4570625,10.467999999999996,10.776371918513163,10.28167098148495,11.364875194785022,11.046516926213394,4.91625,4.8412500000000005,5.877343373689461,8.999897945925479,8.109559010006565,7.554595548816409,7.05625,6.518333333333337,7.109737418174112,5.542454368177747,8.22816697929525,8.118547549533309,5.383125,4.836250000000001,5.782070124493044,7.946979806731503,6.71757947020241,6.991117691561511
2008-08-31,MONSOON,3.2916666666666665,5.991428571428571,10.151666666666667,4.8,8.983333333333334,6.616666666666667,8.13125,3.6,6.0,15.175,12.03,6.025,9.298000000000002,1.7,6.366666666666667,3.775,4.510625,4.247083333333337,4.25900270441764,4.410021310488407,2.8653714390759637,3.0696061250074616,7.433928571428572,7.226785714285714,7.038200889328728,8.203817702835412,4.366170112048671,3.850535012499299,10.712,10.712,10.843100490198744,10.809470440937456,10.063023448724161,10.139885815960216,9.2125,9.592500000000003,8.998091634430988,9.772313944829966,11.46357215260703,11.241641685805327,8.774791666666667,8.794166666666667,8.958954384042237,9.658995559288886,6.332363580405102,5.209910689592197,7.129166666666666,7.186666666666668,7.254341266543626,5.682742307657825,5.295581665163981,4.381494768417862,10.697574404761905,10.697574404761898,10.845523626159181,11.389716146447057,6.959833992802778,7.778781594036566,4.309375000000001,4.2337500000000015,4.316659674222124,4.247051077873764,2.965369190924804,3.0910956428246017,8.142916666666668,8.312499999999998,7.901377956172235,8.308656712504208,3.7580764909177926,4.2069497717860465,14.014375,12.91749999999999,14.079106847264079,19.085351798625112,8.761023095221368,9.398393927280825,10.9725,10.4875,11.243467377194154,10.702154410472414,12.040513416983362,12.263043389805585,7.626250000000001,6.794999999999998,6.900564334549825,6.6536016783358,4.483977908254513,4.305201397804419,10.7549375,10.300499999999996,10.185023151107899,9.9694905621077,9.253234837231018,9.492123225544752,4.612916666666666,4.916250000000001,4.206406024213677,3.6782757998206916,1.8545810480468945,1.867315774870609,7.54,6.730833333333336,6.812509117571134,5.572955035722458,5.035052978747813,4.459657896916994,5.63,5.211250000000001,4.979242074695827,6.350069820858574,3.2282051175214628,2.2170816399276383
2008-11-30,POMKH,3.675,6.5100000000000025,9.336666666666668,8.13,6.683333333333333,5.183333333333334,5.939166666666666,3.7,5.896666666666667,12.3,8.9,7.1750000000000025,10.3725,3.615,7.333333333333332,4.9,4.498958333333334,4.40541666666667,4.025401622650584,4.188909410319614,3.480859425749111,3.3049669386644904,7.623080357142857,7.4125,6.826920533597238,7.772378126974693,6.213227235236742,5.493797527395757,10.712,10.712,10.240526960785914,10.631580607625779,9.171344841530065,9.331475430687359,10.519583333333333,9.212500000000004,8.650854980658593,9.567737249785385,9.197806633304666,9.531453697448372,8.709166666666667,8.821666666666667,8.048705963758675,9.402582491745717,7.452211883131847,6.182822550863785,7.050833333333332,7.250000000000002,6.425938093259509,5.697319532599887,5.25181263316816,4.40628418472572,10.697574404761903,10.697574404761898,8.882980842362176,10.221699241700186,5.037865818742745,8.31453409537348,4.2,4.293750000000001,4.069995804533274,4.289586391406139,3.870163926552947,3.3068378288777134,7.999166666666667,8.249166666666666,7.099493440370008,8.092095071923241,4.584042458088704,5.4379518238082705,13.7940625,13.936249999999989,13.367464108358448,16.594826156001588,10.747998012212163,9.467232623411238,10.768749999999999,11.015,10.306080426316493,10.242973888206837,8.386267283696398,8.072917508650562,7.76625,7.419999999999999,7.010338600729896,6.693138861621182,5.2038449029954625,5.245674698778254,10.612666666666666,10.613624999999997,10.26001389066474,10.081904816033624,9.074198265363128,9.657588245782822,4.270583333333333,4.91625,3.969843614528206,3.0279251071257156,3.1612710565233693,3.0909995982014524,7.734583333333334,7.381666666666669,7.020838803876012,5.623703661413084,6.216870965915749,5.531890084755691,5.602499999999999,5.5550000000000015,4.947545244817496,5.714345540500068,3.5221275305636257,3.5134641394427186
2009-02-28,POMRB,5.041666666666667,8.304285714285715,10.79,10.22,8.725000000000001,7.033333333333332,12.675714285714285,3.7,9.15,10.55,9.76,8.7,11.3425,5.073333333333333,8.783333333333333,6.525,4.372083333333333,4.615833333333337,4.431907640257018,4.560683975725964,4.626937150825987,4.4478460768670836,7.6833333333333345,7.455357142857144,7.417866605872629,8.26513142056822,8.676379677620323,7.611489251352705,10.712000000000002,10.712,10.460316176471547,10.655650315952462,11.034488457489019,10.728066955990172,12.251666666666667,9.212500000000004,9.278512988395157,9.641615450467542,9.698477351666977,9.850581408949848,8.34125,8.727916666666667,8.319223578255205,9.655682855389022,9.00939384400576,7.675267936327443,7.191249999999999,7.008333333333335,6.668896189289038,5.711934162352207,6.928259183416936,5.9795983366752035,10.697574404761903,10.697574404761898,10.40007421970302,10.83084009776696,13.747356864011115,15.199490297371693,3.859375,4.325000000000001,3.9219974827199646,4.332547706958798,4.632086505393826,3.788641948640984,7.671666666666667,8.036666666666665,7.919696064222005,8.54924738871895,7.204243956841957,8.23001675121811,13.139375000000001,14.09249999999999,12.24047846501507,13.457410235100427,13.082493400989074,10.203120217548673,10.6025,10.93,10.087648255789896,10.139932998490256,10.354277512807121,9.510729854066899,7.550000000000001,7.832499999999999,7.6862031604379375,6.732910995049042,8.02580162952878,8.059829885732336,10.591,10.896249999999998,10.693008334398844,10.456574006866061,11.355008093481693,10.90462621030903,4.350044871794872,4.309583333333333,4.411239502050257,4.56376341712321,6.427324384195639,6.1686358565851585,7.584375,7.698333333333336,7.725836615658941,5.704727990732504,7.971359975837326,7.23604866838237,5.6125,5.705,5.578527146890497,6.3492890626400635,5.148331931871729,5.392942745725607
2009-05-31,PREMON,5.52,10.357500000000002,12.569666666666668,24.156666666666666,10.37,9.54,16.044166666666666,5.3,10.8,15.9575,11.74,8.9,10.303333333333333,6.537999999999999,8.6,6.8,4.3386458333333335,4.382083333333337,4.867144584154211,5.079793999035062,5.962286408786511,5.870609412648557,7.7562797619047625,7.790803571428574,8.593719963523577,9.632548157431952,10.166085219308165,8.90439703982392,10.712,10.712,11.304056372549596,10.897168303037423,12.796342819212265,12.47942153080537,12.729166666666666,11.826666666666672,15.22977445970376,11.397073496426826,13.303305090244882,12.290192263403053,8.269166666666667,8.690416666666668,9.139534146953121,10.292035776196936,12.047320267455694,10.362346535058247,7.7162500000000005,7.093333333333335,7.817337713573423,5.726586297042599,9.76583107865756,9.019392775670617,10.697574404761903,10.697574404761898,12.657711198488478,12.287808773116353,16.906486323070148,11.287410014946811,3.8437500000000004,4.075000000000001,4.473198489631979,4.375939296722304,5.817178566222027,5.6677299595780655,7.662083333333333,7.961666666666664,9.071817638533203,9.322478581478375,9.803809551609998,10.576378097696251,12.703125,13.49562499999999,13.727287079009042,14.918278883582959,19.34164057067896,15.400691302346985,10.465625,10.6075,10.748588953473938,10.600939851128457,12.898435254517397,11.78799939865268,7.288125,7.699999999999999,8.171721896262763,6.77291946456055,9.619090712042498,9.453889073557315,10.842187499999998,10.329083333333333,10.537138333972639,10.39827210486057,12.492072083788896,12.27463338178287,4.6641314102564095,4.231583333333333,5.2619437012301535,7.19816491004563,7.398645601670692,6.514993952533361,7.4781249999999995,7.770833333333336,8.075501969395365,5.780240608684114,9.665871262032887,8.803885058006385,5.8343750000000005,5.5,6.067116288134299,6.941676032656262,6.816581890813325,7.349921432688331
2009-08-31,MONSOON,3.2116666666666682,5.131666666666666,10.151666666666667,8.2,6.19,7.400000000000001,8.13125,1.875,3.68,12.325,11.989999999999998,4.825,11.393333333333333,2.647692307692308,4.875,4.675,4.493,4.362083333333337,4.204953417159194,4.5174362133708295,2.929423215431245,2.874107222587399,8.049410714285715,7.575863095238098,7.208898644780813,8.003770502027322,5.2251334948097155,4.822713425783634,10.712,10.712,10.843100490196424,10.809394653502157,10.063023448622253,10.140259280928241,12.643541666666666,12.676666666666673,12.417864675822255,11.00300671251098,6.483274436722887,6.756001707696395,8.623125,7.992083333333333,7.9597204881718735,9.605552636325468,6.347398359504662,5.670950975051909,8.390416666666667,7.289166666666668,7.650402628144055,5.741276003312217,5.645658542691806,4.922495393904329,10.697574404761905,10.697574404761898,10.847126719093087,11.580372183116776,7.089822868365033,10.22640609438761,4.36875,3.643750000000001,3.4339190937791875,4.419765452190278,2.7192561201125134,2.781594314196454,7.805,7.381666666666664,6.915090583119921,8.474421729693681,3.830115831400054,4.360188637228031,13.3175,12.783124999999991,13.166372247405425,13.472754721140692,9.497924703115448,8.442767896080962,10.355,10.5975,11.245153372084362,11.006033121556582,11.629555573612123,11.46111209496495,7.178125,7.4,6.833033137757658,6.813165641660924,5.146313361551583,4.427000234681752,10.958645833333334,10.852916666666665,10.879616333716916,10.691355933227914,9.090235500441546,9.336571383312457,4.603089743589744,4.46850641025641,4.216243143815015,4.005946276596751,1.6610597064419332,1.8703397990355919,7.863541666666667,7.397916666666669,6.795301181637219,5.774011511405985,5.9791472834644726,4.759835939452377,6.048125000000001,5.7250000000000005,5.510269772880579,5.752021257683281,3.3272075381015336,2.657326082733615
2009-11-30,POMKH,3.4875,7.953333333333332,9.336666666666668,8.55,8.9,8.6,5.939166666666666,5.3,8.14,11.66,7.845,6.28,10.286666666666667,5.18,7.975,5.775,4.829041666666667,4.315208333333337,3.9179720502955164,4.1220430379338815,3.5448909915101456,3.368465710805985,8.146395833333333,7.936696428571431,7.50667252020182,8.083369697056883,6.340873652664254,5.30791349020355,10.712,10.712,10.240526960784521,10.631514175075852,9.171344841428107,9.331267103300819,15.110833333333334,12.781666666666672,10.870718805493352,10.699414666548302,9.505811727828927,9.150466483452831,8.890416666666667,8.54625,8.335832292903124,9.670859037492663,6.068762522529912,4.9519490055008095,8.665000000000001,8.143333333333334,8.030241576886432,5.756003398789906,5.723620525538326,4.85240334336603,10.697574404761903,10.697574404761898,8.883942698122517,10.317716769047387,5.08995483451625,7.649011140352257,4.89375,4.043750000000001,4.180351456267513,4.464030549930747,3.112439437044663,2.5865565590007544,7.555,7.942499999999997,7.4050543498719525,8.575363172243469,4.656081798570738,4.290509628842189,14.5003125,12.623124999999991,12.563823348443254,12.133999340534896,10.250483039794123,9.36593619856415,10.456875,10.33375,9.885092023250618,10.179536564347245,8.250447970787562,8.633272589051849,7.28875,7.17625,6.611819882654595,6.853650981359114,5.58398384784401,5.0780549974134495,11.458666666666666,10.831458333333332,10.642436466896816,10.55586716136934,9.769211107163093,10.39821774898857,4.3464230769230765,4.859756410256409,4.6017458862890095,4.91222955887674,3.356536995239443,3.865510802520303,8.372916666666667,7.558333333333336,7.267180708982332,5.83471893216368,6.113381898746029,4.875365363513988,6.152499999999999,5.943750000000001,5.6161618637283475,5.654080035502481,3.6211299511774175,4.299600879942521
2010-02-28,POMRB,6.464,9.206,10.79,9.115,9.34,9.01,12.675714285714285,6.3000000000000025,8.05,16.105,9.93,8.715,12.36,3.02,11.225,7.3599999999999985,4.7348333333333334,4.670791666666671,4.93638323017731,5.051096613925601,4.6909344037871925,4.510189815111646,7.750770833333333,8.162125000000003,8.186403512121093,8.739052089492645,9.363850384352359,8.492628731263274,10.712000000000002,10.712,10.460316176470712,10.655592083559819,11.034488457386606,10.731939469338442,17.29125,12.505416666666672,10.16843128329601,10.50135325741346,11.316783685907447,10.570381756736662,8.66625,8.700000000000001,8.737499375741875,9.810008020327071,9.418695633424264,8.902341608131588,8.618333333333334,8.637500000000001,8.422144946131858,5.770768575128306,8.227476898470567,7.510984689291492,10.697574404761903,10.697574404761898,10.400651333159225,10.844808841725804,13.27739079422941,9.929752510459203,5.2015625,4.693750000000002,5.028210873760509,4.508738977466554,4.69000163345589,4.5622093353815565,7.17625,7.667499999999999,7.663032609923172,8.625886034948566,7.276283297324198,9.093970471012442,13.724999999999998,14.011874999999993,13.980294009065952,14.313599759356046,12.535942826337573,9.684550851444794,10.5425,10.37625,9.90305521395037,10.139565196550155,9.572077814412092,9.007627184819398,7.14375,7.180000000000001,7.453091929592757,6.89437691234212,8.212720949316054,7.863950138515549,11.211500000000001,11.085833333333332,11.32946188013809,11.096313729650475,11.753352717742407,11.332829050311418,4.346423076923077,4.346423076923076,3.969047531773406,3.255166748421133,6.004261800671335,6.167325001045335,8.505208333333332,8.168750000000003,8.8503084253894,5.964307010175673,8.188350941344652,7.6850167973160115,6.080625,6.152500000000002,6.313697118237008,6.7693290648047775,5.247334352507609,6.04426749604045
2010-05-31,PREMON,6.7860000000000005,10.231666666666666,12.569666666666668,45.0,11.893333333333333,9.76,16.044166666666666,6.9,9.9,19.865,12.385,9.77,13.285999999999998,6.537999999999999,10.233333333333333,6.8,4.434687500000001,4.987291666666671,5.6762299381063865,6.016438310531129,6.026469537364388,6.234828056902716,6.7435833333333335,8.13066666666667,9.004508773939321,9.719166479603368,10.94471648857947,9.60953216270281,10.712,10.712,11.304056372549095,10.8971172586088,12.796342819110015,12.485225667206628,16.78125,17.716250000000006,24.101058769977605,14.6804425994971,23.14786028229007,20.179001890308673,7.45125,9.080833333333334,9.999832958778459,10.629870228336966,12.559053673390675,10.693564506925235,7.804583333333333,8.6925,8.957286967679114,5.785571631405011,11.255389981493142,9.87653380040685,10.697574404761903,10.697574404761898,12.658057466562202,12.227694897143019,16.51752188503436,11.793325419899771,5.167187500000001,5.093750000000003,5.7769265242563055,4.553895173440834,6.754511600646277,6.879942084277088,6.6608333333333345,7.442499999999998,8.557819565953903,9.050852520082834,9.875848892092126,10.14609146990563,11.41625,14.988749999999992,16.33417640543957,18.466539471863655,20.894912076005525,17.16418543382442,10.679375,10.5375,10.895833128370223,10.775410998821297,12.468769067512383,11.757686181355787,6.451875,7.397500000000001,8.379855157755655,6.9353448536493,9.77995939111726,9.512526561009267,10.596916666666667,11.831499999999997,12.112077128082852,11.754129928751238,13.12565346473386,12.791936224030072,4.346423076923077,4.346423076923076,4.996628519064043,6.543467030778097,7.00260743533538,5.567576181157383,7.9818750000000005,8.577083333333336,9.403518388566972,6.070025639137242,10.839661066510192,10.082309994275622,5.861875,6.152500000000002,6.508218270942205,7.113556188422072,6.915584311451889,7.411010451398037
2010-08-31,MONSOON,1.192,2.0925,10.151666666666667,4.8,2.873333333333333,6.8066666666666675,8.13125,2.7375,1.55,2.215,12.03,2.795,6.433333333333334,2.647692307692308,4.3,4.1,4.12375,4.482375000000004,3.882537962863832,4.441871105174493,2.993773169121122,3.3403944329953865,5.645854166666666,7.370875000000003,6.239705264363592,6.532112040506088,5.618915414855819,4.9406159082737195,10.712,10.712,10.843100490196123,10.80934990978521,10.063023448520344,10.140628537526682,16.558124999999997,16.866250000000004,16.380635261986562,13.473852554195169,9.7792472159069,10.451788109083786,6.035416666666666,8.251666666666669,7.149233108600409,8.809412336329487,7.36287856719052,6.520050720780511,6.371666666666667,8.544166666666667,8.097038847274135,5.800412641225258,6.778512561884167,5.457329286156838,10.697574404761905,10.697574404761898,10.84733447993732,11.46687795454283,7.2245735984691635,10.905030735520537,4.7699218750000005,5.309375000000003,4.561155914553783,4.599503605486862,3.8858345276589663,3.515674853243998,6.191354166666668,6.909999999999998,5.754691739572341,7.654687803980517,3.9021551718820913,3.4099346503892516,9.000625,12.461249999999993,10.686505843263742,9.740379373723702,11.86139370069521,10.16544723676218,10.790000000000001,10.5475,11.349499877022133,11.144547585048935,11.996992016254943,12.020462039780123,5.529375,6.8900000000000015,6.145913094653393,6.976556181645283,5.414635497758825,4.94728629922579,9.977333333333332,10.591499999999996,9.840579610183045,10.113401475081908,10.61630885583537,10.974219609586566,4.3170480769230775,4.346423076923076,4.057054034515349,3.823172771893535,2.0994347107772415,2.5820820847342567,6.697291666666667,8.433333333333335,7.362111033140183,6.04582308356226,7.35057969975052,5.630321730751615,5.27625,6.008750000000002,5.5449309625653225,5.395675962306677,3.4262099587551784,3.4744125163335924
2010-11-30,POMKH,3.1059999999999994,2.935,9.336666666666668,7.87,2.4966666666666666,2.6833333333333336,5.939166666666666,4.1625,6.146666666666667,3.3,8.9,2.7750000000000004,10.33,5.18,4.363333333333333,4.6,3.5964166666666664,4.387000000000003,3.571922777718299,3.855136206772418,3.6089532124858352,2.8424599063484894,4.953125,6.116291666666671,4.917823158618155,4.687027982652653,5.27393723650351,4.225778800073817,10.742875,10.712,10.24052696078434,10.631474954336975,9.17134484132615,9.331146958540181,13.688749999999999,16.696250000000006,12.976381157191936,12.786694013935191,10.048442011536903,10.384122371533387,4.832083333333333,6.6508333333333365,5.288206531826912,7.073200492294017,4.926961899949162,3.906436506944825,5.907083333333334,7.0649999999999995,5.931556641697814,5.815291694501928,6.371471873780033,5.293898540327817,10.697574404761903,10.697574404761898,8.884067354629058,10.173147902570605,5.168916837083831,7.915185594186168,4.47078125,5.025000000000003,4.40169354873227,4.645568822670645,4.173823877477723,3.5634670259020598,5.917916666666668,6.411666666666665,5.911481710410072,7.294524082765004,4.728121139052566,4.60874556006784,6.46875,10.371249999999993,7.731903505958245,5.400493070136532,8.321261958913075,4.937589908265399,10.688125,10.81125,10.36969992621328,10.566716882605819,8.318880236154659,8.683651736108963,5.01890625,6.013750000000002,4.797547856792035,7.018012396036939,5.504045158656345,4.440469270801076,8.853458333333332,10.602333333333329,10.036347766109827,10.16862631288417,8.831019563162736,9.479211038169266,3.751673076923077,4.346423076923076,4.506232420709209,5.002697060476355,4.103223449697623,4.507384872736731,5.23,7.530416666666669,6.162599953217443,6.023451638915254,6.647683639233541,4.788233042697991,4.833333333333333,5.715000000000002,5.166958577539193,4.604872812708661,3.72013237182244,4.696693343992577
2011-02-28,POMRB,4.3580000000000005,5.4425,10.79,8.01,4.416666666666667,3.4633333333333334,12.675714285714285,4.259375,6.2875,5.14,9.76,4.84,7.36,2.785,4.56,3.85,3.423333333333334,3.860500000000003,3.8863536666309795,3.899375093620634,4.754938114288765,4.746778004240069,4.574270833333333,5.1754166666666706,5.127693895170893,4.60396297978971,6.6155960616703835,6.232186488047273,10.344375000000001,10.712,10.460316176470604,10.6555577040656,11.03448845728419,10.735331094144875,10.86375,16.42000000000001,10.989828694315161,12.200250275898156,10.736276932028995,10.638573787049536,4.52,5.4200000000000035,4.939590585762814,6.101532783748923,5.656807560262627,5.914372466860749,5.719375,5.678333333333333,4.944267318352022,5.8302089200213265,7.030911552029075,5.4276006052995065,10.697574404761903,10.697574404761898,10.400726127063148,10.680184608040706,12.972053143347692,11.58758406364593,4.36546875,4.5148437500000025,4.344766129239362,4.6920953951040305,4.9906961486622325,4.415901927355265,5.948541666666667,5.9710416666666655,6.061889026246043,6.99638949985132,7.348322637805829,7.734991106752096,5.563124999999999,7.629999999999993,6.6951421035749465,4.272559957009005,8.39359716333187,8.061649431925368,10.130208333333334,10.768749999999999,10.125819955727966,10.37684787974435,10.255404375844755,9.953617698773636,4.9671875,5.045000000000002,4.814528714075221,7.059714968015514,7.613788573237273,6.508884980484337,7.572916666666667,9.352333333333329,8.965808659665896,9.298225677873747,11.18807359247106,10.834978830435452,3.084711538461539,4.287673076923076,3.817739452425525,3.1694722358758614,4.611344143399729,4.060297089197649,4.364166666666667,5.864166666666669,5.521559971930465,6.005749876594349,6.939535367492196,6.0159364284847285,4.560416666666667,4.837500000000002,4.640175146523516,3.753682081322414,5.346336773115801,6.157976249817473
2011-05-31,PREMON,4.673333333333333,8.453333333333333,12.816666666666668,23.15,7.19,11.59,16.044166666666666,6.5474999999999985,9.475,10.575,11.74,9.56125,9.295,2.25,5.16,6.766666666666667,3.639625,3.3323333333333363,4.201145533311921,4.105195010100908,6.090172550999851,5.72362234343819,4.568958333333334,4.730833333333337,6.45794967043587,6.092544884323979,7.764475510864582,7.878787765369756,9.2625,10.77375,11.40285637254903,10.927679131277971,12.79634281900776,12.490293780151339,10.518749999999999,10.95750000000001,15.853897216589097,13.521818321739927,42.21070406657736,35.44102947022283,5.317916666666666,4.24416666666667,5.839754351457689,6.051621503683561,8.218800259398996,8.482452289647767,5.3925,6.135833333333332,7.602560391011213,5.84516446244631,8.836587224674176,7.638327647775743,10.697574404761903,10.697574404761898,12.658102342904556,12.049958613487602,16.264536477262034,18.943414222150437,3.9964062499999997,4.426718750000003,5.2258596775436175,4.739087951145036,6.245241692429209,5.965229570520732,5.763958333333333,5.864791666666665,7.427133415747626,7.406236567348993,9.947888232573582,9.285200884521451,6.120625,5.307499999999993,8.247085262144967,7.447331418148263,14.404579611018036,13.029357794462094,9.39328869047619,10.6075,10.771491973436781,10.774313984100331,12.660728589830365,11.76377550763195,5.0759375,4.992812500000002,6.713217228445133,7.1016653819045885,8.684610086886863,7.865631143670456,5.82875,8.35458333333333,9.097485195799537,9.287085602775422,10.875483282646387,10.590968521182528,2.93625,3.2156730769230757,3.190643671455315,2.014272671163975,6.8174920053009735,5.891331936251057,4.212083333333334,4.595833333333337,5.376935983158279,6.001321216673224,7.261427779706265,6.553773615066481,4.054166666666667,4.829166666666668,5.490771754580777,5.403407544149725,7.014586731928043,6.191559500171884
2011-08-31,MONSOON,1.9200000000000004,0.84,6.716666666666666,4.05,5.079999999999999,3.475,8.13125,2.2475,2.22,4.26,8.211666666666668,2.59,0.18,1.6,2.4466666666666668,1.95,3.8056666666666668,3.514333333333336,3.2886873199871527,3.203735047343708,3.057172123168193,2.375814621311244,5.561979166666667,4.417708333333337,4.210769802261522,3.729799978296709,3.0351856139644893,3.8169931636392507,8.321666666666665,9.915,9.528380490196085,10.410699881716706,10.191225498583181,10.257261822516941,10.052083333333332,10.77000000000001,11.132338329953459,12.365431358126653,3.4232923122055627,6.817917523740871,6.317916666666666,4.795833333333336,5.535852610874613,5.50819915179803,2.8418221052580526,3.810646507242665,5.627291666666666,5.302916666666666,5.951536234606728,5.860158316725386,5.55348560385643,6.4222786591061825,10.697574404761905,10.697574404761898,10.847361405742733,11.288491892543732,7.35128203369937,8.669654424271112,3.3686718749999995,4.304218750000002,4.034515806526171,4.786551134385102,3.4307981598769146,3.3018401963423223,5.4721874999999995,6.032291666666665,5.344280049448575,6.2911563520056495,3.9741945123635,2.747902663860013,6.97875,5.818749999999993,6.65225115728698,5.5488805924301925,4.407567836000663,2.32785626477121,8.808231026785716,9.652916666666666,9.747561850728736,10.10930024663426,11.808871440895844,11.649300655485273,5.2209375,4.941562500000002,5.063930337067079,7.143865020574077,4.453631070871191,4.583376825434962,4.846666666666667,6.791249999999997,5.530491117479722,6.490638877048189,7.704742235363884,7.831733033948337,2.881875,2.9537499999999985,2.554386202873189,1.2518176342850154,1.8845446594284851,1.7950882926475265,4.309166666666667,4.132500000000003,4.204828256561634,5.938495373048049,3.1293268503517817,2.8460554535306803,4.026041666666666,4.291666666666668,4.074463052748466,3.3659151756313266,3.5252123792379204,3.746261420270526
2011-11-30,POMKH,4.108333333333333,4.1450000000000005,4.116666666666666,5.86,6.673333333333333,3.4000000000000004,5.939166666666666,1.7,4.0,5.715,6.822976190476188,3.85,2.63,5.04,5.0,2.7,4.170583333333333,3.7649166666666694,3.616545725325625,3.365573196369435,3.672445744019381,3.0868806991233124,6.499895833333333,4.720208333333337,4.184461881356913,3.602161153115521,3.256645216664344,3.4684871190528117,7.758333333333334,8.61,7.363694960784318,9.635513255466769,7.450114470468066,7.790101311388083,9.149166666666666,10.26750000000001,9.023402997972076,11.569514690231856,6.458689735862591,8.799877115114622,7.286666666666666,5.8400000000000025,5.990844899858102,5.516387866494033,3.7561122872538455,4.77522351357354,5.492500000000001,5.482083333333333,4.930921740764036,5.875190632291008,4.554547469480853,3.491617472391713,9.59830357142857,10.697574404761898,8.884083510112307,10.005184598806151,5.255917950646554,8.092649764148526,2.9115624999999996,3.688593750000002,3.100709483915703,4.83448967157744,3.7066920666490244,3.4735590185919563,5.351875,5.495624999999998,4.806568029669146,5.647123341203272,4.800160479534031,4.641751310235292,8.575624999999999,6.422499999999993,6.2773506943721875,5.323046725023317,4.136415682354489,4.741626991463301,8.21367143732493,9.133660714285714,8.577727586627717,9.246426330770655,6.489912776121839,6.7424137062929095,5.108281249999999,5.210312500000002,4.578358202240247,7.186315428230348,4.6575967905395945,4.116624003133864,4.487708333333333,4.866249999999997,4.370294670487834,5.302391993868765,4.649809822487139,5.37604035776789,2.9903125,2.9187499999999984,3.5486317217239134,5.745068189706374,4.020346690081958,4.65763581315993,4.487916666666667,4.29166666666667,4.52289695393698,5.931913159668145,3.444836593689745,3.777670280636233,4.182638888888889,3.8166666666666678,3.5246778316490794,2.604288316979832,3.8191347922438244,4.056465028774914
2012-02-29,POMRB,4.684,12.176666666666668,8.483333333333334,6.286666666666666,8.24,4.625,12.675714285714285,1.7,6.1,9.59,7.1565625,4.925,7.203333333333332,2.49,4.7,5.525,4.580333333333333,3.846416666666669,4.043527435195375,3.7902130613059546,4.818560152006886,4.958617012417671,6.861067708333334,6.403750000000005,7.381343795480816,7.892745928867929,5.971515586014499,6.691474881811077,7.683333333333334,8.033333333333333,7.811550309803925,9.49684281756289,7.497268451919061,7.231664452408044,8.646041666666667,9.836666666666678,7.928708465449912,10.92233929318734,6.831647641725805,8.735455611030433,7.7275,6.795833333333335,6.890506939914861,6.007707692337988,7.148862667446981,7.7217242623932325,5.363098958333333,5.772499999999999,4.808553044458422,5.890261516074366,5.925844081915721,5.34038627533383,8.807626488095238,10.697574404761898,10.400735820353098,10.527083731863785,12.776417248695441,14.158497426323912,3.1209374999999997,3.0487500000000023,2.5404256903494216,4.8829083254539505,3.833279550226995,3.236990438504953,5.378125,5.448749999999997,5.323940817801487,5.518435460207254,7.420361978287083,6.566709310035302,9.803281249999998,7.534999999999993,7.602410416623313,7.956216695661814,6.480059264275329,6.601743830477442,7.944541535364146,8.482801339285714,8.00926155197663,8.70534944648683,8.10800137159689,8.6117604168647,5.322552083333333,5.231562500000003,4.717014921344148,7.229018093574731,7.05849399252593,6.726580080731589,4.758489583333333,4.827083333333331,5.503510135626033,5.878193570312531,5.669963873993405,5.153195730941166,3.41375,2.8449999999999984,3.125179033034348,4.50141001365198,3.2808927894753466,3.018561454472961,4.861979166666667,4.32666666666667,4.593738172362189,5.918991572703679,5.388004180346579,6.256573931621374,4.3625694444444445,4.2354166666666675,4.324806698989448,4.261192759952601,5.445339193449067,4.814391727716555
2012-05-31,PREMON,7.2666666666666675,9.2225,10.616666666666667,17.65,11.116666666666665,9.35,7.25,5.45,8.7,18.9,9.586960784313726,8.575,6.58,3.4124999999999988,6.45,6.344444444444443,4.570083333333334,4.494750000000003,5.332783127783892,5.346839807380316,6.1538290950967,5.631651038219156,7.137468750000001,6.596041666666672,8.117806277288489,9.771675853141932,10.259836427407588,11.148760392550802,8.171875,7.4833333333333325,8.933596852549023,9.63951175656436,9.897825082607591,9.822966988970744,8.86125,8.461666666666678,11.817225079269946,11.732448870246625,25.121012667056565,19.12598481586412,7.437916666666666,7.777500000000001,8.580970830615582,7.315214332003683,10.871762874374332,10.157327899179379,5.504322916666667,5.2124999999999995,6.625131826675053,5.905371089278883,8.368398543801074,8.795396230047503,9.623824404761905,8.49903273809523,9.14044149221186,9.664431770650959,16.102352991087145,14.230494787043446,3.99875,2.7743750000000027,3.704255414209653,4.931811917798595,4.602826605405859,4.7984232533117535,5.7887499999999985,5.254999999999997,6.674364490680892,5.9789132441644846,10.019927573054812,9.312540445926334,9.791770833333333,9.616249999999994,12.121446249973987,17.650933209759557,14.68102558962062,13.530899384199305,7.944541535364146,7.944541535364145,8.640341244911468,8.96782162768653,10.215674471066038,10.024434591586902,5.703854166666666,4.985000000000003,6.260208952806488,7.271974535366049,8.226338249708826,7.980446144078455,5.237395833333332,4.14833333333333,5.93410608137562,6.086492014585598,7.394355756372079,7.0337290905343695,3.6634374999999997,3.1356249999999983,3.240107419820608,4.204238435388733,4.431950631580225,3.805561055728978,5.081041666666667,4.64916666666667,5.336242903417313,5.944037834322267,6.4373981681287304,6.537038765663199,4.64111111111111,4.129861111111111,5.132661797171446,6.222958725809274,7.113589152322581,6.764385615055911
2012-08-31,MONSOON,2.6046666666666667,2.960208333333333,8.316666666666666,5.525,4.68,4.679791666666667,10.6,5.02,3.205,5.7562500000000005,8.211666666666668,5.290416666666667,5.0612499999999985,3.825,4.149166666666667,3.8116666666666665,4.305000000000001,4.66591666666667,4.241536543337002,4.650793920025222,3.1211777420866986,3.0696400821293492,6.446135416666667,7.126093750000005,6.054767099706427,7.7423672687657294,4.796051524471407,3.986134858810474,8.628125,7.883333333333334,8.68682477819608,9.479705379432666,7.65526405988512,8.283148465726905,8.850000000000001,8.830416666666679,9.300335047561967,10.973025807538626,3.4268956161380917,5.766549109778316,7.119166666666667,7.677500000000002,7.0205824983693494,6.708511089846542,6.129051613701336,5.881162861463759,5.816822916666667,5.513697916666666,5.846995762671699,5.920519391370573,4.58747539666623,4.994107472993508,9.609464285714285,9.11622023809523,9.724264895327117,9.729796297617511,6.977282299957935,8.111554460858658,4.9846875,3.4675000000000025,4.230553248525792,4.981205290576804,1.9768929405111284,2.5845706133565187,6.123125,5.501249999999997,5.286618694408535,5.295030574076263,4.046233852844649,2.6184263479770187,9.126979166666667,9.990312499999995,9.575367749984391,13.959313850641646,7.453888658588713,8.633892830924989,7.944541535364146,7.944541535364145,8.468871413613549,8.78731049083817,9.008274943663862,9.19804708480794,6.3528125,5.660104166666669,5.87229203835056,7.315186208304316,3.915355605010491,3.932166464253191,4.743229166666666,5.368645833333329,5.584963648825371,5.766173888615846,4.514690845249628,4.2287226114788075,3.6424999999999996,3.6918749999999982,3.474064451892365,4.213482323263418,1.7302394432276103,2.1222821242487173,5.212291666666667,5.07479166666667,4.8614124087170545,5.919010261807226,3.2145088966077844,3.505796553720013,4.640069444444444,4.5952777777777785,4.6042637449695345,5.500865359559607,3.6242147996001965,3.098690206795312
2012-11-30,POMKH,3.341666666666667,4.2360000000000015,6.424999999999999,6.1066666666666665,4.756666666666667,3.325,10.0,5.95,6.3,4.126666666666666,6.822976190476188,4.199999999999998,1.58,4.8125,5.05,3.0666666666666664,3.821166666666667,4.474250000000003,3.881588592668868,4.274600168569001,3.736539400517904,3.483208090639984,5.826864583333334,7.1488437500000055,5.327260259823857,6.612663310816438,5.170411193444621,4.611347619439667,9.070833333333333,8.460416666666667,7.782094866917648,9.105333812651526,7.060868560255095,7.630119275856473,7.451666666666666,8.892083333333346,8.022867695203846,10.376699386374172,5.583686142362238,7.011563337066548,6.8116666666666665,7.198333333333336,6.115016165688276,6.171261519206888,5.207210713090477,4.850621504050043,6.1157812499999995,5.494947916666666,4.83819745760302,5.935706542790556,4.198462196286733,3.9451810303474764,9.353125,10.131428571428565,9.83455893719627,9.667966149171917,4.993209987146875,7.838686407616175,5.825625,4.530000000000003,4.918331949115476,5.031093353885484,3.714884540554139,4.457741009904415,6.36375,6.076249999999997,5.691971216645121,5.325782417556181,4.872199820015267,4.530842498514242,8.123229166666667,9.59322916666666,7.395887316657301,9.490735598256466,6.6492863763299805,6.134466775474283,8.049504770658263,7.944541535364145,7.810513324358604,8.278995215867294,5.761400401276031,6.8787279669021455,7.261145833333333,5.747604166666669,5.203375223010335,7.358654645890481,4.610074808495403,5.167502291585399,4.5628125,5.10614583333333,3.9829781892952227,4.479120901859348,4.526301719521799,5.062348210615121,3.5046875,3.634999999999998,4.009438671135419,5.156654803991579,4.69198453444455,5.309256117146464,5.259166666666667,5.08729166666667,4.9368474452302324,5.91388093777213,4.225602245770572,4.762575370016928,4.637638888888889,4.686944444444445,3.9892249136483873,4.23993203768694,3.9181372126622933,4.142424910577743
2013-02-28,POMRB,3.33,6.555,9.825,5.95,7.6066666666666665,7.2,8.5,5.3375,6.475,5.86,7.1565625,9.766666666666666,4.3,2.55,5.7,5.15,3.4174583333333333,4.1357500000000025,3.6609531556013204,3.922832828718052,4.882538417579477,4.711799082229018,5.727776041666667,5.743427083333339,5.818356155894314,6.810756215815939,7.109695323413468,7.292242348594092,9.145833333333334,8.795833333333334,8.599256920150587,9.198277683350495,8.508165009103458,8.892840856331159,5.911041666666667,8.80791666666668,7.193720617122308,9.834032585928176,6.09540351870075,7.2583957843098865,6.348333333333333,7.040000000000003,6.711676366079633,6.484235203912468,6.922913826815995,6.890211124306527,5.703203125,6.138697916666666,5.7829184745618125,5.950932676469491,5.64873465572981,5.167854814599906,9.706249999999999,9.087499999999993,9.300735362317763,9.257948854437208,12.534064614733364,11.818183326192237,5.911875,5.439375000000003,5.085999169469286,5.081481056708757,5.308898046722518,5.018387195032453,6.575625,6.169999999999996,6.005182729987073,5.4188046323612555,7.4924013187685325,7.641687650631864,7.116197916666666,8.660729166666659,6.781532389994381,7.462053450699918,7.581518438234363,7.60456695903814,8.832176339285713,7.944541535364145,7.548932994615162,7.99738407990231,7.491249564905935,8.04450503272035,7.190468749999999,6.958020833333335,7.028691800472867,7.402381425036551,7.071207837042812,6.69445306995571,4.558281249999999,4.380312499999997,4.109786913577134,4.4194280338635155,5.194452126237177,4.760206641687748,3.08125,3.649999999999998,3.425663202681251,3.1472734309450123,3.0770731677082233,2.748239342860669,5.068645833333333,5.33729166666667,5.24210846713814,5.922860309572714,5.85447875119333,6.184418518582693,4.4556249999999995,4.593194444444446,4.4535349481890325,4.774481969731468,5.544341613890889,5.127009962952766
2013-05-31,PREMON,4.75,9.89,12.816666666666668,6.8,9.29,9.166666666666666,9.375,8.540000000000001,10.25,14.6,10.426666666666668,11.0,8.04,2.25,5.825,6.6999999999999975,3.3168749999999996,3.5065833333333356,4.096571893360792,4.214574411329855,6.217613885783795,5.523492363896949,5.536583333333334,5.910302083333339,7.447013693536588,8.63141792355684,8.521704054673105,8.348552607772419,8.657291666666666,9.345833333333335,10.28622081875702,9.650279686997717,11.080403446565684,11.217127447085405,5.444583333333334,6.095416666666679,7.036232370273385,9.46060015536201,18.749714254956338,15.086149223254708,5.952083333333333,6.583333333333336,7.743005819647779,7.260491933671342,10.442948622458028,9.984839414740826,5.186979166666667,6.092864583333332,7.136417751403754,5.966197880261296,8.892639381112923,9.892840118095227,9.479687499999999,9.618749999999993,9.330441217390657,9.126002402333917,13.338132812668551,7.366365716750636,5.189375,6.211875000000004,6.467599501681572,5.132373416587124,6.826334100474961,6.688198978497409,6.3875,6.5574999999999966,7.703109637992244,6.339371756297932,10.091966913536293,9.220923220468544,6.5975,7.58572916666666,9.908919433996628,12.29007037838747,14.119759112474526,14.262195402423899,10.325762648809523,8.154468005952381,8.700026463435766,8.677222189933028,9.954709899588284,9.66900766399965,6.825,7.564270833333336,8.61721508028372,7.4463680475606955,8.970775062536443,10.079626087458106,5.28125,4.745312499999997,5.6818721481462795,5.522313404909068,5.996437617627532,5.608297287845624,2.8140625000000004,3.359374999999999,2.9553979216087503,2.050551586437045,4.160176738104884,2.999981465064703,4.86875,5.18104166666667,5.475265080282884,5.934360992371869,7.133333829835341,7.062320375929521,4.19375,4.682083333333335,5.352120968913418,6.3385035609127955,7.212591572739765,6.466314838820503
2013-08-31,MONSOON,1.8916666666666664,1.5000000000000002,6.716666666666666,4.05,2.7999999999999994,1.5625,11.3,2.62,3.35,2.0,13.633333333333333,2.3000000000000003,3.565,1.6,3.25,2.0,3.3870833333333334,3.3283333333333354,3.2146098026831416,3.313700529643107,3.184604259758536,2.2812128215701044,5.433541666666667,5.545250000000006,5.068208216121953,5.837603842197668,4.081514824151615,4.236359011306679,8.201041666666667,8.945833333333336,8.858399157920879,9.290977304688042,9.365921532129805,9.735685550463625,5.03125,5.726666666666679,5.841739422164031,8.799083776388972,4.5092124895254075,6.201038414454283,5.58375,6.113333333333336,5.765803491788668,6.155532127665992,5.00414826163014,4.883847423117876,4.743229166666667,5.313541666666666,4.9068506508422525,5.981502193491077,4.912910836508214,4.860233749387812,9.0546875,9.793749999999994,10.118264730434394,9.521497980856342,7.755040284867846,10.972534882761574,4.667395833333334,5.611875000000004,4.928559701008943,5.183775455452729,4.500157944005007,4.613962694053895,6.121875000000001,6.5937499999999964,5.961865782795346,5.7552555239470555,4.118273193326271,3.5579083004383922,6.463750000000001,6.646666666666659,6.745351660397977,7.018522919733258,5.605953308277277,5.261315271424365,11.938736979166666,9.509884672619048,10.673349211394793,10.043461956267683,9.244494157762162,9.364403072944942,6.464583333333334,6.81666666666667,6.090329048170232,7.49061598116777,4.9144452854561305,5.173534165086429,7.087083333333334,4.371249999999998,4.835123288887768,4.917444820811029,4.202586413608094,3.943834918570757,2.74375,2.8031249999999988,2.41323875296525,1.280285656563233,2.689370703530602,2.8291527970945536,4.590625,4.956250000000003,4.58515904816973,5.890139357852758,3.342330425235139,3.2140526468362025,4.03125,4.229166666666668,4.0112725813480505,4.041233292770403,3.7232172200372387,3.5076711475481135
2013-11-30,POMKH,3.25,4.166666666666667,4.116666666666666,3.85,3.466666666666667,2.3125,7.4875,2.5700000000000003,4.65,3.733333333333333,13.35,4.266666666666667,8.860000000000003,4.9,4.35,2.783333333333333,3.44625,3.3054166666666682,3.2287658816098848,3.129259920023346,3.7998590174681146,3.2429549799105866,5.135833333333334,5.527916666666672,4.707591596339839,5.005107347520612,4.1385914929251495,3.8927066356875657,7.483333333333333,8.368750000000004,6.961706161419193,8.654004569893363,7.053173501529347,7.4791965235584215,4.75625,5.162500000000013,5.045043653298419,8.193914059790782,5.160658096343129,6.487070454635647,5.232083333333333,5.790833333333335,4.846148761739867,5.352208296981114,3.7062915948004225,3.949422928444089,4.1317708333333325,5.060416666666666,3.8691103905053517,5.996845769636172,3.556602956452407,2.59137188363212,8.678125000000001,9.165624999999993,9.065958838260636,8.948745390501433,6.13263981627459,9.608622269485565,4.147916666666667,4.766875000000004,3.9851358206053664,5.23569229867843,4.534977691108499,3.7033754014481266,5.48125,6.181249999999996,5.437119469677208,5.478520886827474,4.944239160496896,5.299377188372158,6.461250000000001,6.548333333333327,5.540544329572119,4.80067680065086,4.144612843167013,3.5299725895713174,12.93,11.141640625,11.744009526836876,10.966515888747379,8.830577582067107,10.202746418625033,5.566666666666666,6.833333333333337,5.360864095568806,7.535126860600353,5.004641410353057,3.9431194843494004,8.025,6.191249999999998,6.445073973332662,6.118296895181994,3.7643028448088587,4.120413352706475,2.953125,2.8249999999999993,3.40794325177915,5.501440532869403,4.447935160791305,4.348275511330286,4.4484375,4.781250000000003,4.491095428901838,5.870478355213972,3.911731929696477,4.303285296043727,3.7583333333333333,4.158333333333334,3.5200968821421634,3.0235563660434415,4.017139633031279,3.2988746008996346
2014-02-28,POMRB,3.983333333333333,5.8,8.483333333333334,4.9,5.95,4.6625,7.6125,4.541666666666667,6.0,5.183333333333334,13.533333333333333,6.816666666666666,11.466666666666667,1.9,4.175000000000002,4.133333333333333,3.8641666666666663,3.4687500000000013,3.530592862299264,3.3172807795690193,4.945834754649781,4.432589410118844,5.6710416666666665,5.339166666666673,5.144554957803903,5.197304933783497,6.487413211185487,7.193292550730932,7.333333333333333,8.033333333333339,7.57035703018485,8.636487476320742,7.30635438962576,7.3738063767209585,4.98125,4.900000000000014,4.9870261919790515,7.789855789780517,4.970342752701999,6.233078301742378,5.733333333333334,5.376666666666669,5.287689257043921,5.337309474293902,5.527026181542161,6.35854101798524,4.5015625,4.4260416666666655,4.186466234303211,6.012228719592893,4.902737381114718,5.122771726309563,8.325,8.943749999999993,8.484575302956381,8.473206720276423,11.093545093776687,9.089571016459319,4.327916666666667,4.567916666666671,4.207748159029887,5.288129109327594,4.675995993338854,3.556268288077231,5.1937500000000005,6.0624999999999964,5.662271681806326,5.512109113121294,7.564440659249998,6.661445680175115,8.112083333333333,6.37916666666666,5.397659931076605,4.475405072414428,5.803453447554475,6.114176696327781,12.856458333333332,12.735833333333334,12.45973904943546,11.691673853329066,11.961462382091854,11.667116735190378,6.434583333333334,6.095833333333337,5.94318512400795,7.5799022528219995,7.416088322113632,7.049257196202497,8.879791666666668,7.982916666666665,8.453711050666264,7.747945574857212,7.487863584112023,6.990810610385633,3.7999999999999994,2.6624999999999996,2.8047659510674903,3.6778222573730837,2.593566723475389,2.7305602636310096,4.915625000000001,4.400000000000003,4.364657257341104,5.847424039004048,5.3745399896052115,5.783751473037301,4.262083333333333,3.9041666666666672,3.765391462618631,3.371209387561615,5.643344034254983,5.008652661005173
2014-05-31,PREMON,4.57,8.263333333333334,8.416666666666666,5.65,8.133333333333335,6.8125,7.25,5.1800000000000015,5.6000000000000005,15.256666666666668,11.98,6.766666666666668,8.376666666666667,4.574999999999998,6.2125,5.533333333333334,4.417619047619048,3.423750000000002,3.9463557173795585,3.7601079439047362,6.280991591879219,5.557525895207213,6.81375,4.932500000000006,6.392066308015675,6.603837636289971,7.842950531015004,8.107406194826114,8.310416666666667,6.933333333333337,7.908880884777576,8.612875667460862,9.806002413605599,9.971523377048898,5.6937500000000005,4.612500000000014,5.252215715187431,7.526011597253932,7.969393470735359,6.750655515687532,6.9,5.087500000000002,6.425946887559686,5.963268861876025,8.917200747789808,9.09505420049366,5.7562500000000005,3.837499999999999,5.2368797405819265,6.027651143089165,7.643287933656101,8.733336948233683,8.5515625,8.412499999999993,7.990745181773829,7.980199949573339,11.938337089432416,5.853211225692116,5.392916666666667,3.7279166666666703,4.596648895417932,5.341091090280323,6.13706701990888,6.6372566090824385,5.622916666666667,4.899999999999997,5.637363009083796,5.4707842797630635,10.164006254017707,9.478346987369797,9.739166666666668,6.543333333333328,9.34126262531263,12.324442473678445,12.720735562377339,12.768568208909727,12.201458333333333,13.124166666666666,12.267843429661276,11.801522296863979,15.489390905113307,13.668090069993507,8.560833333333333,5.037500000000004,6.272577741071437,7.624943709642761,8.81638793875756,8.961012618610923,9.8725,8.067083333333333,8.422893297066427,7.931841944763946,10.1413532289541,9.825436122050842,4.334375,3.2437499999999995,3.5128595706404937,5.308392369383049,3.0665911463978635,2.6406070120566287,5.5890625,4.496875000000004,5.103794354404663,5.868729384014523,6.203930284487147,6.179366128468198,5.0720833333333335,3.612500000000001,4.472568210904512,4.775684888288936,7.311593993070527,6.173043956592922
2014-08-31,MONSOON,5.414999999999999,7.408333333333332,9.916666666666666,7.0,7.966666666666666,6.875,10.6,7.42,5.7,14.550000000000002,11.491666666666667,13.476666666666668,10.066666666666666,6.05,6.6000000000000005,7.196666666666666,4.659821428571428,4.304583333333335,4.533813430427735,4.527544554234887,3.247948614758977,2.165811000216906,7.4954166666666655,6.409583333333339,6.798573118142738,7.245397623347186,2.9994246134882507,3.2150779544293533,9.222916666666666,7.733333333333337,8.711995197533213,8.777959830096131,6.469220111601267,7.073227563346199,6.30625,5.350000000000014,5.951329429112459,7.458078786151374,3.94757188562983,4.778316513259144,7.71875,6.379166666666668,7.042234799202478,6.509067652364912,3.6621918960818354,4.076026732117096,6.8046875,5.165624999999999,5.892127844349156,6.04311312809914,3.3531421381593662,3.3262162531217507,8.9765625,8.237499999999994,9.034447109064297,8.407767991315259,8.283824374513108,12.560369454583732,6.377708333333334,4.92791666666667,5.725989337250759,5.394583506928754,2.886967991080695,2.73744313197881,6.133333333333333,5.487499999999996,5.662417805450278,5.462565048036177,4.190312533807235,1.452825387131234,10.074583333333337,9.680833333333329,11.424757575187579,17.535726361240627,4.914386601147452,5.14924651157725,11.489166666666666,12.58875,11.957372724463433,11.749612382383312,13.593712103743265,11.840707487201332,9.621250000000002,7.831666666666671,9.15421331130953,7.670252864027889,4.141982413587363,3.142993422828659,10.264791666666667,9.692499999999999,9.080402644906522,8.576328735581288,6.900627515816604,6.614351401992253,4.7437499999999995,4.356249999999999,4.527715742384296,7.627420589555673,2.3322974173994218,3.1138415890895845,6.3656250000000005,5.334375000000004,5.702276612642798,5.897976547556749,2.979306863120899,3.4229121420456567,5.4825,4.911666666666668,5.562207593209374,7.166850645429607,3.8222196403160638,2.7293185550983825
2014-11-30,POMKH,4.154285714285715,7.4,8.733333333333333,6.6,7.633333333333333,7.0375,10.0,6.290000000000001,5.7333333333333325,4.2,10.251666666666663,10.1,10.3,4.725,6.3874999999999975,4.066666666666666,5.003779761904762,4.5306547619047635,4.382002343970926,4.623445111746749,3.8636813649064496,4.2599994822764335,8.04,7.217916666666672,7.039143870885642,7.671834525040457,6.030923878825938,6.737215859485507,10.33,8.887500000000003,8.72053045185326,8.776105786814659,7.320883502071567,7.437841695251129,6.824999999999999,6.037500000000014,6.2107976574674755,7.349901925091963,4.198917733257427,4.761501452768511,8.2675,7.420833333333334,7.2786742128548205,6.913811963687161,5.605436721459382,6.3697637232384885,7.4140625,6.346874999999999,6.350276706609494,6.05861477674104,3.9277189153912158,4.638032317760885,9.61875,8.865624999999994,9.420668265438579,8.688253649489853,6.007950008473973,11.511290584821618,7.241250000000001,5.85791666666667,5.951593602350456,5.448611659775915,5.140389541042562,5.814125597598768,7.008333333333334,5.758333333333329,5.6907840166035,5.470664415789797,5.0162785009780775,5.704661921420769,10.664166666666667,9.797499999999996,8.534854545112548,12.57336456463491,8.010073698940706,9.715402592029825,10.97,11.814166666666665,11.275090301344726,11.375689896089709,10.088609408568828,10.23503681386801,10.408750000000001,9.290000000000004,9.532527986785718,7.715831229175091,6.042809716024807,8.64272565501152,10.613125,10.052499999999998,9.568241586943913,9.094319701806816,7.907461887511063,8.46800703876989,5.378125,4.3125,4.606629445430578,6.489308476157919,5.292071518972904,5.5943170401732205,7.284375000000001,5.8437500000000036,5.976365967585679,5.922080363410136,5.14562275686567,6.085664767322504,5.886666666666667,5.232500000000002,4.963991222592291,6.226350944967682,4.116142053461731,4.617206720272167
2015-02-28,POMRB,5.016666666666667,8.02,11.166666666666664,7.05,8.333333333333334,8.325,8.5,8.7,9.0,7.400000000000001,10.933333333333335,9.466666666666667,13.165,5.35,8.35,6.133333333333333,4.986488095238096,4.788988095238096,4.635868073049222,5.019993515241501,5.009772275027562,4.633285196126813,8.40782738095238,7.772916666666672,7.431486322531385,8.23462445837833,8.950340997337513,8.680923169928853,11.599583333333333,9.558333333333335,9.698984937778622,9.075859360132972,9.83133224722749,10.596825310484743,7.186874999999999,6.5750000000000135,6.546478594480485,7.309493792283968,5.33748097017266,5.592599573906931,8.66,8.016666666666667,7.700537861046226,7.470312281173679,8.555329874878414,8.321298035383972,7.618749999999999,7.2624999999999975,7.140166023965696,6.0741561979168,6.497153572272929,6.896534644366952,10.325,9.087499999999995,9.052400959263148,8.586237158821914,9.829896743069419,7.345758202021736,7.6475,6.897500000000002,7.050956161410273,5.503180926905003,6.358879576070371,5.569570530652585,7.892708333333332,6.508333333333329,7.0144704099621,6.189663647193447,7.636479999731275,7.116183297349264,9.8975,10.351666666666663,8.08091272706753,10.63209356516031,8.499234072663885,6.42815710745761,11.043541666666666,11.164166666666667,11.13838751414017,11.286727562444767,10.582706493632184,10.56675691106991,10.140833333333333,9.952500000000004,9.506183458738096,7.761680425875675,9.180859789340886,9.647055924034104,11.085520833333334,10.477083333333331,11.006944952166346,10.329810624689104,10.604006806748112,10.32006822277764,5.3,5.175000000000001,4.903977667258347,6.009260000839445,2.832971981368532,2.4045009369562242,7.776249999999999,6.887500000000004,6.925819580551407,5.988019239814158,6.954050774887001,6.771514685485096,5.801666666666666,5.732500000000002,5.431728066888708,6.732497542243542,5.7423464547155465,5.090217916849273
2015-05-31,PREMON,6.288333333333332,10.4,14.59,7.649999999999999,10.14,8.025,11.5,7.93,9.6,17.756666666666664,10.426666666666668,10.416666666666666,9.465,6.2,9.3875,6.7666666666666675,4.767410714285714,5.21857142857143,5.296854177162866,5.875909320688145,6.345061542126888,5.706932371709578,8.643928571428571,8.307083333333338,8.61889179351883,9.81416849818645,10.202512635327654,9.272453923442177,12.355833333333333,11.101666666666668,11.655390962667173,9.762607104580267,12.413172566443007,12.570625321082662,7.4425,7.0750000000000135,6.9878871566882905,7.346792275682786,6.64640803350565,6.19417312362612,8.73375,8.518333333333334,8.676322716627736,8.486199661600924,11.624328306455125,10.144778213397508,7.6953125,7.565624999999997,7.494099614379417,6.089737483548893,9.818768613371885,9.813031443805166,9.871875,10.149999999999995,10.03144057555789,9.27067202538359,10.471002830994234,12.98575647115062,7.91,7.585000000000003,7.402573696846163,5.558296716441316,8.676316516904354,8.48541928750907,8.404166666666667,7.508333333333329,8.04868224597726,7.020287816298225,10.23604559449926,9.23162356844038,9.04875,10.976666666666661,11.951214302907182,16.60994825703741,15.251631203507678,14.509889321721607,11.698541666666666,10.775833333333335,10.85369917515077,11.084361291173535,12.583407934224859,11.564439378714864,9.145833333333332,10.865000000000004,9.870376741909524,7.807802075637141,10.715296572672457,10.148017603809679,11.788437499999999,10.749166666666664,10.390166971299807,10.053942872396616,12.718825525046592,12.343976804511106,4.95625,5.581250000000001,5.422386600355008,6.465017466261917,4.6095205106065915,4.450725314263349,8.1090625,7.681250000000004,7.910491748330844,6.075050403661678,8.899721106420886,8.397221484535253,5.564583333333334,6.040833333333334,5.965703506799891,7.357667122259401,7.410596413581722,6.52185151171973
2015-08-31,MONSOON,3.5583333333333336,8.214285714285714,13.9,7.895,9.1,7.3,12.0,7.92,8.775,5.916666666666668,13.633333333333333,7.683333333333334,12.7575,3.8,7.3599999999999985,5.283333333333333,4.8220833333333335,4.754404761904763,4.601445839631054,5.3568758611620835,3.3122527171614826,3.2542300591855713,9.331473214285714,8.508571428571434,8.457049361825584,9.79562176373372,5.264144792823391,4.702877656550636,13.046458333333334,12.097500000000002,12.553234577600303,10.279126110691598,10.927359621735823,10.969148365946168,7.791875,7.2987500000000125,7.350732294012975,7.4092654692958035,7.3021680526399315,7.2127770590360765,8.425416666666667,8.801666666666668,8.845793629976642,9.08626270949619,6.02051067854993,5.557094776814873,7.565625,7.6718749999999964,7.41645976862765,6.105358733192221,5.258056473599842,4.447264876849147,9.021875,10.499999999999995,10.818864345334735,10.050718461938722,8.977328578129462,10.35471742846306,8.33625,7.710000000000003,7.609544218107698,5.613964504640254,5.49912527156236,5.031762740951036,8.71875,8.277083333333328,8.339209347586356,7.630591554031446,4.262351874289163,4.5461727658966975,9.391666666666666,8.818333333333326,9.537395248410977,11.964686854047649,7.434649641824402,10.222910921893419,12.410833333333333,11.311250000000001,11.965552838423793,11.805004550853246,11.597596200743897,10.820844579694565,9.191666666666666,9.41666666666667,8.995559378479047,7.85419776912664,6.306230929541009,5.844590157941122,11.8275,11.421874999999996,11.337100182779885,10.870115672932846,8.912328708965328,8.799884431863012,4.89375,5.018750000000001,4.773431960213005,4.214114149202803,4.8289930465923545,4.885459859261898,8.119791666666666,7.871250000000003,7.690295048998506,6.116705513948842,5.881198193387985,5.287320080397435,5.6,5.562500000000002,5.692755437413268,6.510693150104293,3.9212220609271764,4.64034490139254
2015-11-30,POMKH,4.258333333333334,8.482857142857142,10.8,7.75,7.09,7.225,4.975,7.8900000000000015,6.75,6.043333333333332,13.35,7.933333333333334,13.2325,4.225,8.290000000000001,4.083333333333333,5.02592261904762,4.780416666666667,4.4642008371119655,5.110558404961898,3.9277177744891194,3.7472803361275653,9.925848214285713,8.77928571428572,8.467372474238207,9.762659587935094,7.674938906940246,7.312804587923443,13.173750000000002,12.61416666666667,11.851940746560182,10.34793987706142,11.532581211426582,11.287179994316007,8.1725,7.586250000000012,7.510439376407785,7.446536962282163,6.812522751974664,6.972230358449513,8.515416666666667,8.665833333333333,8.143476177985985,8.98749472341023,7.353749033865153,7.114373477756983,7.484125000000001,7.7187499999999964,7.339875861176591,6.121020053496966,5.416825311755474,5.234755554718049,8.4875,9.243749999999995,8.48131860720084,8.964345184807744,7.198254964673847,7.651783565555091,8.807708333333334,8.110000000000003,7.721726530864619,5.670189819838401,7.021859597896267,6.346112027136762,9.034375,8.531249999999995,7.703525608551814,7.741581364971381,5.088317841460291,7.109120927677999,9.45125,9.279166666666658,8.13977048237992,8.716375035738615,6.691875081264579,3.9324132516582724,13.124166666666666,12.085833333333335,12.519331703054275,12.255611442444339,10.497976855018,11.622311376113908,9.568750000000001,8.875000000000002,8.570668960420761,7.900869157698465,7.001259454109199,6.655140178064506,12.094791666666667,12.154999999999998,12.095260109667931,11.581015703828344,10.177186911657301,10.827524411111682,4.925000000000001,4.893750000000001,4.554059176127803,3.7236771123952805,5.4215460561282045,4.58119505849913,8.074479166666666,8.346875000000004,7.930177029399104,6.177603490384102,7.126319531955781,6.503578197655798,5.781249999999999,5.566666666666668,5.048986595781294,5.016926074870565,4.215144473970598,3.9896379640233413
2016-02-29,POMRB,5.35,12.4375,14.625,8.695,6.41,7.1,6.725,10.51,10.5,8.3,13.533333333333333,12.0,10.545,5.35,6.533333333333334,6.4,5.0772321428571425,4.863750000000001,4.818520502267179,5.315017723094884,5.073813760767099,4.753569425521661,9.373392857142857,9.883660714285721,10.055423484542924,11.64686527084722,10.355583555667675,9.288571660930403,12.421875,13.478750000000003,12.96116444793611,10.882002200487142,12.929680252681273,12.82529099480837,8.354375,7.997500000000012,7.984263625844671,7.593899690991304,7.263811001946839,7.32785593061523,8.008333333333335,8.185,7.450085706791591,8.62351999639015,9.162470532149625,8.105863818830912,7.101583333333333,7.412499999999997,7.243925516705954,6.136721546932991,7.620550778419843,7.216027437752423,7.35,8.799999999999995,7.778791164320504,8.382227974078226,9.293956056980134,9.136330026248299,8.355416666666667,8.562500000000004,8.837035918518772,5.726978255204548,8.142976878347723,7.06159635317273,8.415625,8.906249999999995,8.822115365131088,8.635952577114534,7.708519340213577,8.281111733942797,9.087916666666667,9.504166666666658,8.203862289427953,8.099371387091361,8.269062918835996,7.802362408913977,12.977083333333331,12.735833333333334,12.924932355165899,12.635033015729698,12.317411360159616,12.568243246857762,9.235416666666666,9.508333333333335,9.942401376252457,7.947817908923989,9.665765979533065,8.93943523295895,12.787395833333335,11.499999999999998,11.475156065800759,11.2514016404133,13.125541056585666,12.971620714355083,5.03125,4.893750000000001,4.872435505676682,4.921249554365026,4.209946706430557,3.8533039005086147,7.957083333333333,7.892708333333337,7.371439550972797,6.19946609971187,8.901116318961984,7.864701213889882,5.614583333333332,5.633333333333335,5.589391957468777,5.636478520771862,5.8413488752278475,5.453750409368513
2016-05-31,PREMON,7.585714285714286,10.7375,12.15,9.05,12.783333333333333,8.597999999999999,9.0,9.891666666666667,10.625,17.333333333333332,13.533333333333333,10.9,14.223333333333334,6.45,10.841666666666667,7.9499999999999975,4.916369047619048,5.18809523809524,5.925398015646023,6.4453169081318595,6.409140055034464,5.922164923068484,8.113392857142857,9.96803571428572,10.328254090725755,12.09811967057968,12.889469605519974,11.64420826178171,11.333333333333334,12.868750000000002,12.636698668761666,11.043602738542248,15.698366148456875,14.94414855176827,8.2425,8.347500000000013,8.410558175506802,7.766369008032149,7.9687176561073425,7.82018407504133,6.61375,8.845833333333333,9.583384757408288,10.076408365174506,10.971367866102943,9.255827785603476,6.016791666666666,7.555749999999998,7.785555310023572,6.15246332687781,10.282342355952983,8.982735789921904,6.421874999999999,8.174999999999995,8.267274698592303,8.428799517094367,10.488556316018698,9.092780938635457,6.992500000000001,9.05291666666667,9.25888821777793,5.784335439051781,10.469374689264606,9.467825094636929,7.09375,9.162499999999994,9.543269219078653,9.49856794661207,10.3080849349817,10.73153360682469,8.428333333333335,9.398333333333326,11.855650706990104,14.317028271470477,15.410403534442555,15.389925064669432,11.667083333333334,13.512500000000001,13.168292746432872,12.912693439384645,14.269042267919936,12.78848381837458,8.283333333333333,9.629166666666668,10.325440825751475,7.9950456312444205,11.510597427038864,11.42080818760478,11.521145833333332,12.689583333333331,12.57442697281379,12.148375866015893,13.286927908398354,12.806881230134733,5.128125,4.956250000000001,5.503461303406009,6.85355999474835,5.435062789943531,5.698192756002317,7.040416666666668,8.256250000000005,8.759530397250344,6.313768390588365,9.228063250606484,7.485719849889694,5.145833333333333,5.929166666666667,6.533635174481265,7.306253642139827,7.509598834085219,6.672867968273897
2016-08-31,MONSOON,2.671428571428572,3.457142857142857,10.325,7.95,2.4,3.6666666666666665,5.4,2.34,2.8,3.4333333333333336,9.35,4.533333333333334,13.54,4.4,4.966666666666667,2.766666666666667,4.690833333333334,4.966369047619049,4.6238102379590424,5.285694772683318,3.3765017146110226,3.724404938610777,6.481383928571429,8.778750000000006,7.579809597292596,8.73337999393841,6.951408703385759,5.355451970207325,9.947916666666666,11.975000000000003,11.712019201257,10.959221908304281,11.240967963119827,11.038483428934995,8.09875,8.361250000000013,8.226334905304082,7.784387379066357,8.294844543669365,8.058162892808822,5.8062499999999995,7.1708333333333325,6.710030854444972,8.410964495504995,7.009006905109502,7.3023019001343075,5.2236666666666665,6.647416666666664,6.137999852680809,6.168245455765206,5.752375446271122,5.186723108875627,5.9875,6.524999999999995,7.120364819155381,7.591876279266699,9.378002978567089,10.104806619823833,5.5633333333333335,7.657916666666669,6.491332930666758,5.842267042964295,7.350512469414527,6.714704218541341,5.839583333333334,7.668749999999994,6.845961531447191,8.553120089485953,4.334391214771692,5.522006456783189,7.639583333333333,8.777499999999993,8.486723757527397,8.9296679762077,7.3930928413761325,6.314270118199334,10.242499999999998,12.441666666666668,11.640975647859722,11.982556537463287,14.741740566395116,13.637904425447049,7.10625,8.841666666666669,8.008597828784218,8.042553941890143,7.054259878608386,6.42763917664526,10.180625,12.88520833333333,12.960656183688274,12.56087678200472,11.072432675513094,11.131943408167182,5.071875,5.10625,5.062076782043606,5.293201943950591,4.469749093797391,4.9179425449813845,6.286458333333334,7.657916666666672,7.242384905016873,6.299241512150519,6.69374016885369,6.171741212810243,4.758333333333333,5.300000000000001,5.026847771355426,4.815367385086701,4.020224481487881,5.259358105521269
2016-11-30,POMKH,3.858333333333334,3.16,5.666666666666668,6.8,2.6333333333333333,2.1800000000000006,4.15,2.566666666666667,2.15,3.25,7.153333333333332,3.4666666666666663,2.3200000000000003,4.4,3.35,2.85,4.478511904761905,4.86636904761905,4.317619476108759,4.733522010417413,3.9918358424492006,3.6176816604198163,5.434263392857143,7.448035714285719,5.811885758375557,6.145807086254653,6.620110154509222,5.314771013900485,9.544791666666667,10.69166666666667,9.293878187420868,10.30830215001312,9.827859343779625,8.821948065543111,8.030000000000001,8.123750000000012,7.655800943182449,7.660709844758177,8.00803554460171,7.9514092073313725,5.16,6.056666666666666,5.079351846000317,6.929737819255198,4.5136018635658,3.934593688829997,4.887666666666667,5.386166666666664,4.554799911608486,6.184068059014388,4.751407833778648,4.1488270533527,5.178125,6.318749999999994,5.932218891493228,6.5571614638996705,5.821553314283946,7.970446465663146,4.473541666666667,6.327083333333336,4.921466425066722,5.900778847477949,6.3024062060550765,4.192231800343887,5.1814583333333335,6.518749999999994,4.967576918868315,7.446618983161202,5.160357181942245,4.512106372477888,6.983333333333333,8.07916666666666,6.392034254516438,5.435825776783909,5.809991512170466,4.857113098991266,9.0175,10.8925,9.845918722049166,10.70677265573369,10.228402961046417,9.827547691189688,6.320833333333335,7.725000000000002,6.191825363937197,8.09034454890903,7.158626738377167,5.652584906473793,10.3353125,10.157083333333329,8.704393710212964,9.413972722209195,11.813895456374002,12.57526994741521,4.840625,5.15,4.797246069226164,4.401822963902725,5.098869797870046,4.329797965433995,5.9591666666666665,6.422916666666673,5.6854309430101235,6.25014916015435,6.560063790569678,5.329508172511342,4.5225,4.991666666666668,4.1561086628132555,3.2956033160849145,4.3141468944371955,3.389164540037421
2017-02-28,POMRB,3.9457142857142853,4.704285714285715,8.675,8.495000000000001,4.406666666666667,5.8,4.074999999999998,4.4,5.066666666666666,4.783333333333334,8.333333333333334,7.0500000000000025,10.733333333333333,4.725,5.441666666666666,4.533333333333333,4.724464285714285,4.515297619047621,4.168857399950969,4.317788168351757,5.137867791913422,4.7673735619443365,5.581808035714285,5.514732142857149,5.36884574073962,5.094375201483048,7.4847103236769374,7.112157665258953,9.832291666666668,9.20416666666667,9.046326912452521,10.110324191058414,9.445383407990175,9.39824690017471,7.398750000000001,8.073750000000013,7.99148056590947,7.757714094915702,8.682085810297114,8.545026420583282,4.993333333333334,5.555833333333332,4.810277774266857,6.105171917845215,5.517344530553136,5.772267937231854,4.6658333333333335,5.061166666666665,5.052879946965091,6.199931272941095,5.724612628353278,5.183038336437596,4.531249999999999,5.656249999999995,5.189331334895936,5.66541976245959,7.8284263890367995,8.751512072271659,4.165,4.799583333333336,4.7128798550400335,5.959876669145079,5.830840841996083,5.24160076145888,5.49625,5.16041666666666,5.007212817987655,6.990042643779009,7.780558680695087,6.7319719356085725,6.904166666666667,7.199999999999993,5.748553886043196,4.416803220682961,6.7293622308607794,6.475321634778044,8.427916666666667,9.592500000000001,9.240884566562833,10.092834902531836,8.900049713937305,9.248907776171357,6.458333333333334,6.4875000000000025,6.535095218362319,8.13841916550312,9.12246130183453,7.455650706887118,9.961145833333333,10.204166666666662,9.515969559461112,9.807350496759685,9.994407420437657,9.798760227499722,4.912499999999999,4.99375,4.768347641535698,4.412760573754426,4.942340782127377,5.183625880647421,5.480833333333333,6.150000000000006,5.587925232472741,6.247085348186245,6.453780365380931,5.172388834957126,4.998541666666666,4.525000000000002,4.306998531021287,3.5710145325343476,5.940351295665553,5.399228120153166
2017-05-31,PREMON,7.291428571428571,10.09375,14.875,8.7,9.616666666666667,7.209999999999999,5.175,7.283333333333334,10.793333333333333,15.6,8.933333333333332,9.566666666666668,15.2725,5.225,9.315,7.9300000000000015,5.124910714285714,4.441726190476192,5.41788586854201,5.408730183631376,6.4729931321965175,5.812820076223047,6.3255357142857145,5.353794642857149,7.2588074444437725,7.013606787220665,7.949672078416237,7.911729343940006,10.733333333333333,9.88541666666667,11.377796147471512,10.704680376493732,10.93427902025475,10.41286083522003,6.91125,7.986250000000012,8.274888339545681,7.86776555871952,8.96382927125731,8.789068664517005,5.4725,4.764166666666666,6.732833331226781,6.83622236597761,8.143805983732864,8.70916158247066,4.873125,4.7141666666666655,5.915727968179055,6.215835187656999,8.553843501511986,8.378071146467006,4.45,4.699999999999995,5.1835988009375615,5.201859597010649,9.214828404478183,8.988218328135261,4.585625,4.147500000000003,5.741061246357354,6.01956638079903,6.843392047845231,6.676031454824969,6.07125,5.2024999999999935,7.321661024125927,7.782074853153255,10.380124275462684,8.37207123957598,7.329166666666667,6.7666666666666595,9.689132331625919,12.195215746722113,13.190338607469148,13.663070886509086,8.906666666666666,8.4425,9.117864073271033,9.806104834566861,9.63463112074324,9.9094377731012,7.5625,6.15416666666667,7.747723797684059,8.18677947112061,10.29955373833001,9.353444577302142,10.200416666666667,10.466458333333328,11.818581735676668,11.46869958820583,11.4169650128728,11.022090306820555,5.274999999999999,4.687500000000001,4.951008584921418,5.065659243283742,5.960858447982374,5.916070705075078,5.220625,5.768333333333338,7.078755139483644,6.327565323895128,7.363779831722859,7.080976253387002,5.945833333333335,4.520000000000003,5.756199118612773,6.60440910704295,7.608601254465381,6.506084106140735
2017-08-31,MONSOON,4.933333333333334,5.28125,9.9,3.25,4.233333333333333,3.28,4.05,2.48,5.15,4.533333333333334,9.233333333333333,6.966666666666666,9.4975,6.1999999999999975,2.6666666666666665,6.5950000000000015,5.503869047619047,5.007202380952383,5.22406485445854,5.363129772797883,3.4403024404909925,3.4914485296722626,7.204255952380953,5.809821428571435,6.467784466666263,6.188575856214332,3.8395777878951796,4.873424448796829,11.978124999999999,9.779166666666669,10.786677688482907,10.609496639764544,10.363991454885618,10.45463598620281,6.855625,6.811250000000013,6.264933003727409,7.303296749832391,8.009014018503958,8.01945389820271,6.040416666666667,5.2225,5.733033332069402,6.050861939709877,4.012580882652562,5.18825759501378,5.557916666666666,4.617499999999999,4.861436780907432,6.231779873589678,4.119545728537327,4.35598713898562,4.6968749999999995,4.362499999999995,4.730159280562537,4.592579512303829,7.277642970367234,9.060543732384968,5.536250000000001,4.182500000000003,4.436636747814413,6.0798538831216975,4.076579056368891,4.762831835728587,6.7316666666666665,5.789999999999993,6.4529966144755555,7.326253906902073,4.406430555252687,3.863137385187244,7.7666666666666675,7.04166666666666,7.626812732308885,9.357204496806398,5.340534474387965,5.618735345366679,9.4125,8.413333333333334,9.164051777295953,9.677550545612581,9.261522748080637,9.423317578432018,9.227083333333333,6.762500000000003,7.435300945277103,8.235427124064051,5.824685849045229,5.6974304122466535,11.114583333333334,9.455833333333329,10.890149041406001,10.853089391073594,10.311539647472488,10.476507629741851,5.793749999999999,5.137500000000001,5.45060515095285,6.477454488479316,4.334340155486483,3.9422106604123526,5.490208333333333,5.193333333333339,5.3139197503568525,6.263199188336987,4.974660525325815,5.298360840467159,6.738541666666668,5.477083333333337,6.091719471167664,7.731798980330685,4.119226901842428,4.4732611054547355
2017-11-30,POMKH,4.8,7.2857142857142865,13.3,7.6,4.633333333333334,4.225,4.85,5.791666666666668,4.4,5.55,11.1,9.866666666666664,8.276666666666666,5.5,3.5683333333333334,6.6,5.783511904761905,5.2426190476190495,5.054438912675124,5.232992988571178,4.0559404217846335,4.333792763252411,7.558668154761905,6.841250000000007,6.794956394285473,6.55838958844075,5.608519031780554,5.99054772009835,12.098437500000001,11.6875,11.792006613089743,10.947166557543445,9.185475203425014,9.297172295658482,6.721875,7.011250000000012,6.798959802236445,7.335285128679948,6.642628551483249,6.95759872438162,6.55625,5.7225,5.293153332574974,5.491186733865374,3.922252947492095,4.644180375403748,5.773333333333333,5.128749999999998,4.6068620685444595,6.247765466342329,3.468709524039241,3.6303385126814343,5.0953124999999995,4.537499999999996,4.778095568337522,4.313798484683378,4.3324822323430325,3.760685264085507,5.885833333333334,4.988750000000003,4.978648715355315,6.140745191904902,4.209501093202704,3.955928036259468,7.1003125,6.352499999999994,5.6317979686853334,6.727384194309983,5.232396522423456,4.77580978016378,8.025,7.61666666666666,6.7960876393853304,7.712122555723475,4.8423723891365835,4.301001930929591,9.7125,9.400000000000002,9.938431066377571,10.089182988942905,7.7515402122849935,8.843859796428235,10.174999999999999,8.3625,8.407847233832927,8.284363874081794,6.484086801490156,6.4632327526131395,10.925104166666667,10.944999999999995,9.844756091510266,10.052983863848118,9.806215901007205,10.145295773160127,6.2515624999999995,5.412500000000001,5.47036309057171,6.169707931433073,4.912808823532572,4.841769721484765,5.230625,5.247916666666672,4.615685183547445,6.219506760839259,4.591139225247925,4.005366240486831,7.063750000000001,6.414583333333336,6.295031682700598,8.152822799625133,4.413149314895209,4.3476755556238125
2018-02-28,POMRB,6.035714285714287,7.6083333333333325,11.0,7.25,6.95,9.233333333333333,5.35,8.780000000000001,8.1,5.9833333333333325,8.433333333333334,13.966666666666667,12.09,7.775,7.38,7.125,5.6605357142857144,5.76511904761905,5.446949061890789,5.62164725544595,5.202091676341231,4.933846669516402,7.436067708333333,7.567261904761911,7.120307169904616,7.0163927253819125,8.659040725712135,8.89749241267405,11.9546875,12.26875,11.475203967853847,10.958291050514644,13.098399861255194,12.828445040144015,7.0375000000000005,6.700000000000011,6.979375881341867,7.320919017406663,8.335319820889453,8.171294990225782,6.6395833333333325,6.358333333333333,5.955891999544985,5.662739638215046,6.216410621904017,6.557153876111415,5.58375,5.987083333333332,6.457450574460009,6.263792096701602,5.376889636470192,6.090393685138052,5.41875,4.856249999999997,5.0068573410025135,4.251990498018174,5.87761275464182,4.387156235344161,5.679166666666667,6.083750000000004,6.49918922921319,6.202246353278301,5.577630789653769,6.6021029784190475,6.942916666666667,7.110833333333328,6.619078781211201,6.948208569348293,7.8525980211765045,6.672363564411572,8.064583333333333,7.91666666666666,6.470985916964532,6.787880471662151,6.886280010299938,6.819270445692919,10.007291666666667,9.425000000000002,9.336391973159877,9.667974766252524,9.970790780614468,11.16971946942281,10.10625,10.091666666666667,10.631375006966422,8.333591448272966,9.519914310975548,10.12488853700587,10.818697916666666,11.28416666666666,10.74285365490616,10.66523001718936,11.0126354930216,10.828366642311638,6.215624999999999,6.175000000000001,6.392217854343026,8.348042488529638,5.107204426511898,5.181473675822208,4.8725,5.732500000000005,5.721411110128466,6.2588113133843475,5.42556181940174,5.302566581698826,6.825729166666666,7.0625000000000036,6.6270190096203585,8.439960843192221,6.039353716228312,6.202844807615764
2018-05-31,PREMON,7.4385714285714295,10.025,13.5125,8.875,11.2,5.5,7.0875,5.7,10.709166666666668,16.466666666666665,11.233333333333333,10.233333333333334,12.4,5.8375,5.3,7.939999999999999,5.3516666666666675,5.801904761904765,6.243598008563046,6.55264229724759,6.537499448146432,6.697818163303801,7.215096726190477,7.5500744047619115,8.28218430194277,8.585987718665711,9.859996507795456,9.520386101699211,11.994166666666667,11.928125000000001,12.290122380712308,11.279226274554052,13.898006276965688,14.081412986238309,7.273124999999999,6.74375000000001,7.73762552880512,7.505423469895778,8.47833444212419,8.26312719525002,6.459166666666667,6.754166666666666,8.05353519972699,7.062779759084804,9.761262537034089,10.030976540683374,5.668854166666666,5.559583333333332,6.074470344676005,6.279859814315292,9.26847472869228,9.50619401401101,5.514374999999999,5.334374999999997,5.839114404601508,4.683866252252345,7.338264263509503,7.078837296454369,5.724583333333334,5.68791666666667,6.179513537527914,6.26436345356045,8.19301120485967,8.866404653203473,6.621041666666668,7.0897916666666605,8.25511393539339,7.731364599378321,10.452163615944382,10.434520836188737,7.784583333333333,8.133333333333326,10.469258216845384,14.1288931400023,13.706228594246369,14.365186569405443,9.94,10.000000000000004,10.09516851722926,10.118297467614651,10.214529209430411,9.57033555887656,9.729166666666666,10.258333333333333,10.472158337513186,8.383111514575992,11.684852051457447,12.40157766661547,10.903333333333332,10.56604166666666,11.405712192943696,11.184335655467072,12.56377663707347,12.325713944325354,6.086875,6.328125,6.170330712605816,6.9159096239331355,6.229480551866857,6.278830152673201,5.0789583333333335,4.728750000000005,5.55284666607708,6.2525272586803045,7.611429674237991,8.222121393491802,6.283333333333333,7.065000000000003,7.152211405772215,8.91133512575774,7.707603675121822,7.7223406757277875
2018-08-31,MONSOON,3.8023809523809526,4.369196428571429,10.1125,5.6,3.3166666666666664,3.473333333333333,4.725,2.41,3.975,3.983333333333334,9.291666666666666,5.75,11.51875,5.299999999999999,3.8166666666666655,4.680833333333334,,5.51916666666667,5.267111186090208,5.760257265486708,3.5048212856907863,3.8419025270648586,,7.322061011904768,6.716989152594234,6.960052057350201,4.907806789748647,4.950130872906647,,11.981250000000001,11.419073428427385,11.139442020708156,11.082248252249245,10.500041502393213,,7.33125000000001,6.882575317283072,7.270172905336121,3.9001187835644417,4.507973386444281,,6.5249999999999995,6.158787786502861,6.1461194435127995,5.613045083834655,5.851512373191602,,5.607916666666665,5.034015540138936,6.295968735438137,4.1529342043970185,3.479101944470578,,5.503124999999996,5.393468642760904,4.534541502889442,5.8045705054525625,2.0461533713349533,,5.67041666666667,4.6717081225167485,6.327102660792311,4.411562168401533,3.7321617211378286,,6.79604166666666,6.543068361236033,7.037136490603882,4.478469895734371,4.787926114445266,,7.995833333333326,7.874888263440564,9.916465696919511,5.977142729179912,6.34658916512574,,10.014583333333336,9.773767777004222,9.921816267811561,10.791665881553481,10.710162640597735,,9.954166666666666,8.583295002507912,8.432925805277785,7.101091136949449,6.320223323260517,,11.071354166666659,11.450927315766219,11.274436746292146,9.931287359114217,10.064411840498066,,6.103125,5.822198427563489,5.467205167836125,5.753941836253347,5.401033478557267,,5.016250000000005,4.858374666312915,6.214392838727258,3.3890101568880664,3.033290744945352,,6.5864583333333355,6.163660176796663,6.704456455820643,4.218229322524599,5.3037921993504185
2018-11-30,POMKH,3.4600000000000004,6.43,13.403333333333334,7.135,4.1066666666666665,4.7125,4.94,6.2250000000000005,3.0,3.86,10.503333333333332,8.066666666666668,6.9325,5.37,4.069999999999999,4.175,,5.18416666666667,4.544266711654124,,4.120293382901586,4.140210086256943,,7.108132440476197,6.60219349155654,,5.834138541346185,5.725021791760671,,12.007083333333334,12.212777390389764,,9.641225692143163,9.177014577885199,,7.215000000000009,6.983545190369843,,7.758370660326499,7.59214817137685,,6.393333333333333,5.3379393385683835,,4.269260531446045,4.217105721937479,,5.7297916666666655,4.905409324083362,,3.5470373183658945,3.8069167768543024,,5.525624999999996,5.212081185656543,,3.9543170580891136,5.46967336640074,,5.778750000000003,5.293024873510049,,4.404382904858119,4.2777022753897995,,6.446041666666661,5.12584101674162,,5.304435862905021,4.630375838827409,,7.573333333333326,6.2689329580643385,,5.070614576449707,4.857948458373357,,9.865416666666668,10.065593999535867,,9.20064619229112,9.644893116812021,,9.504166666666666,8.376643668171415,,7.382721156857105,6.462979871344219,,10.735312499999992,9.64355638945973,,10.338370468191384,10.593392790764549,,6.070625000000001,5.6413190565380935,,5.524201486283699,4.957311814403704,,5.141666666666671,4.543024799787749,,4.182050051619943,4.5925644155809415,,5.980208333333335,5.368196106077997,,4.5121517355162455,4.655394710691407
